1 sigma:
 [2.64456193e-02 1.54431076e+00 2.79032892e-03 5.73404265e-03
 5.38224132e-04 7.16822284e-02 3.73607162e-02 4.32782025e-03
 4.54436895e-03]
fisher_cov: [[ 6.99370783e-04 -4.75416613e-03  9.73720782e-06  2.84205958e-05
  -1.17632673e-06 -1.59486979e-03 -1.47164111e-04  9.64520021e-06
   7.37550177e-05]
 [-4.75416613e-03  2.38489573e+00 -4.28227492e-03 -7.91330110e-03
   8.00935404e-04  6.18239041e-02  3.51902204e-02  4.35153455e-03
  -2.88556507e-03]
 [ 9.73720782e-06 -4.28227492e-03  7.78593550e-06  1.42761570e-05
  -1.45187570e-06 -1.19034606e-04 -6.60563991e-05 -7.20412205e-06
   5.15759927e-06]
 [ 2.84205958e-05 -7.91330110e-03  1.42761570e-05  3.28792451e-05
  -2.34682811e-06 -2.44199238e-04 -1.81902513e-04 -1.39265724e-05
   1.08361910e-05]
 [-1.17632673e-06  8.00935404e-04 -1.45187570e-06 -2.34682811e-06
   2.89685216e-07  2.00947939e-05  8.49585951e-06  1.37252820e-06
  -9.06978446e-07]
 [-1.59486979e-03  6.18239041e-02 -1.19034606e-04 -2.44199238e-04
   2.00947939e-05  5.13834187e-03  1.35393296e-03  4.24193801e-05
  -2.10835758e-04]
 [-1.47164111e-04  3.51902204e-02 -6.60563991e-05 -1.81902513e-04
   8.49585951e-06  1.35393296e-03  1.39582312e-03  4.89805845e-05
  -4.56895369e-05]
 [ 9.64520021e-06  4.35153455e-03 -7.20412205e-06 -1.39265724e-05
   1.37252820e-06  4.24193801e-05  4.89805845e-05  1.87300281e-05
  -3.92538706e-06]
 [ 7.37550177e-05 -2.88556507e-03  5.15759927e-06  1.08361910e-05
  -9.06978446e-07 -2.10835758e-04 -4.56895369e-05 -3.92538706e-06
   2.06512891e-05]]
cholesky: [[ 2.64456383e-02  0.00000000e+00  0.00000000e+00  0.00000000e+00
   0.00000000e+00  0.00000000e+00  0.00000000e+00  0.00000000e+00
   0.00000000e+00]
 [-1.79771276e-01  1.53381160e+00  0.00000000e+00  0.00000000e+00
   0.00000000e+00  0.00000000e+00  0.00000000e+00  0.00000000e+00
   0.00000000e+00]
 [ 3.68197119e-04 -2.74876240e-03  3.09308318e-04  0.00000000e+00
   0.00000000e+00  0.00000000e+00  0.00000000e+00  0.00000000e+00
   0.00000000e+00]
 [ 1.07467990e-03 -5.03328083e-03  1.46034926e-04  2.52389899e-03
   0.00000000e+00  0.00000000e+00  0.00000000e+00  0.00000000e+00
   0.00000000e+00]
 [-4.44809354e-05  5.16972886e-04 -4.67569487e-05  1.22775327e-04
   6.46970198e-05  0.00000000e+00  0.00000000e+00  0.00000000e+00
   0.00000000e+00]
 [-6.03074795e-02  3.32389920e-02 -1.76635208e-02 -3.76692157e-03
  -2.08362220e-03  8.12336433e-03  0.00000000e+00  0.00000000e+00
   0.00000000e+00]
 [-5.56477821e-03  2.22907645e-02 -8.84375977e-03 -2.47375125e-02
  -1.00737084e-02  8.64994445e-04  8.69452451e-03  0.00000000e+00
   0.00000000e+00]
 [ 3.64717997e-04  2.87981938e-03  1.86716309e-03 -3.81389383e-05
  -1.24456558e-04  1.56338807e-04  1.14680440e-04  2.60073331e-03
   0.00000000e+00]
 [ 2.78892939e-03 -1.55442538e-03 -4.59161716e-04  3.25602666e-05
  -7.41159507e-05  1.08684857e-04  4.41285142e-05  1.38883758e-04
   3.19491666e-03]]
  0%|          | 0/1500 [00:00<?, ?it/s]warmup:   0%|          | 1/1500 [00:22<9:24:30, 22.60s/it, 1 steps of size 2.34e+00. acc. prob=0.00]warmup:   0%|          | 2/1500 [00:23<4:00:51,  9.65s/it, 1 steps of size 2.30e-01. acc. prob=0.00]warmup:   0%|          | 3/1500 [00:24<2:30:24,  6.03s/it, 3 steps of size 1.67e-02. acc. prob=0.00]warmup:   0%|          | 4/1500 [00:42<4:26:31, 10.69s/it, 31 steps of size 7.63e-03. acc. prob=0.17]warmup:   0%|          | 5/1500 [01:56<13:50:48, 33.34s/it, 127 steps of size 4.67e-03. acc. prob=0.29]warmup:   0%|          | 6/1500 [03:10<19:32:41, 47.10s/it, 127 steps of size 2.63e-03. acc. prob=0.35]warmup:   0%|          | 7/1500 [05:38<33:13:53, 80.13s/it, 255 steps of size 2.26e-03. acc. prob=0.41]warmup:   1%|          | 8/1500 [10:34<61:47:05, 149.08s/it, 511 steps of size 3.89e-03. acc. prob=0.49]warmup:   1%|          | 9/1500 [11:48<51:59:16, 125.52s/it, 127 steps of size 7.03e-03. acc. prob=0.54]warmup:   1%|          | 10/1500 [13:02<45:20:08, 109.54s/it, 127 steps of size 1.20e-02. acc. prob=0.59]warmup:   1%|          | 11/1500 [13:38<36:04:10, 87.21s/it, 63 steps of size 2.17e-02. acc. prob=0.62]  warmup:   1%|          | 12/1500 [13:56<27:20:35, 66.15s/it, 31 steps of size 2.76e-02. acc. prob=0.64]warmup:   1%|          | 13/1500 [14:14<21:17:54, 51.56s/it, 31 steps of size 5.19e-02. acc. prob=0.67]warmup:   1%|          | 14/1500 [14:23<15:56:27, 38.62s/it, 15 steps of size 4.12e-02. acc. prob=0.67]warmup:   1%|          | 15/1500 [14:32<12:12:39, 29.60s/it, 15 steps of size 4.35e-02. acc. prob=0.68]warmup:   1%|          | 16/1500 [14:50<10:45:46, 26.11s/it, 31 steps of size 6.85e-02. acc. prob=0.70]warmup:   1%|          | 17/1500 [15:17<10:54:02, 26.46s/it, 47 steps of size 1.15e-01. acc. prob=0.71]warmup:   1%|          | 18/1500 [15:35<9:50:44, 23.92s/it, 31 steps of size 2.11e-01. acc. prob=0.73] warmup:   1%|▏         | 19/1500 [15:37<7:10:16, 17.43s/it, 4 steps of size 4.95e-02. acc. prob=0.71] warmup:   1%|▏         | 20/1500 [15:46<6:05:24, 14.81s/it, 15 steps of size 7.10e-02. acc. prob=0.72]warmup:   1%|▏         | 21/1500 [15:55<5:19:59, 12.98s/it, 15 steps of size 1.15e-01. acc. prob=0.73]warmup:   1%|▏         | 22/1500 [16:04<4:48:11, 11.70s/it, 15 steps of size 1.37e-01. acc. prob=0.73]warmup:   2%|▏         | 23/1500 [16:12<4:25:54, 10.80s/it, 15 steps of size 2.09e-01. acc. prob=0.74]warmup:   2%|▏         | 24/1500 [16:13<3:14:34,  7.91s/it, 2 steps of size 2.15e-02. acc. prob=0.71] warmup:   2%|▏         | 25/1500 [16:31<4:28:50, 10.94s/it, 31 steps of size 2.10e-02. acc. prob=0.71]warmup:   2%|▏         | 26/1500 [17:08<7:37:36, 18.63s/it, 63 steps of size 3.54e-02. acc. prob=0.72]warmup:   2%|▏         | 27/1500 [17:45<9:49:27, 24.01s/it, 63 steps of size 5.87e-02. acc. prob=0.73]warmup:   2%|▏         | 28/1500 [17:53<7:56:25, 19.42s/it, 15 steps of size 5.80e-02. acc. prob=0.73]warmup:   2%|▏         | 29/1500 [18:02<6:37:19, 16.21s/it, 15 steps of size 3.64e-02. acc. prob=0.73]warmup:   2%|▏         | 30/1500 [18:20<6:50:13, 16.74s/it, 31 steps of size 6.60e-02. acc. prob=0.74]warmup:   2%|▏         | 31/1500 [18:38<6:59:08, 17.12s/it, 31 steps of size 8.26e-02. acc. prob=0.74]warmup:   2%|▏         | 32/1500 [18:42<5:23:01, 13.20s/it, 7 steps of size 1.37e-01. acc. prob=0.75] warmup:   2%|▏         | 33/1500 [18:44<3:58:45,  9.76s/it, 3 steps of size 3.92e-02. acc. prob=0.74]warmup:   2%|▏         | 34/1500 [18:53<3:50:50,  9.45s/it, 15 steps of size 6.87e-02. acc. prob=0.74]warmup:   2%|▏         | 35/1500 [19:10<4:53:17, 12.01s/it, 31 steps of size 9.09e-02. acc. prob=0.75]warmup:   2%|▏         | 36/1500 [19:28<5:36:55, 13.81s/it, 31 steps of size 1.40e-01. acc. prob=0.75]warmup:   2%|▏         | 37/1500 [19:33<4:25:25, 10.89s/it, 7 steps of size 2.22e-01. acc. prob=0.76] warmup:   3%|▎         | 38/1500 [19:34<3:18:24,  8.14s/it, 3 steps of size 2.93e-02. acc. prob=0.74]warmup:   3%|▎         | 39/1500 [19:52<4:30:13, 11.10s/it, 31 steps of size 5.09e-02. acc. prob=0.75]warmup:   3%|▎         | 40/1500 [20:38<8:43:48, 21.53s/it, 79 steps of size 6.51e-02. acc. prob=0.75]warmup:   3%|▎         | 41/1500 [21:15<10:33:12, 26.04s/it, 63 steps of size 1.03e-01. acc. prob=0.76]warmup:   3%|▎         | 42/1500 [21:33<9:34:09, 23.63s/it, 31 steps of size 7.84e-02. acc. prob=0.75] warmup:   3%|▎         | 43/1500 [21:37<7:11:15, 17.76s/it, 7 steps of size 1.15e-01. acc. prob=0.76] warmup:   3%|▎         | 44/1500 [21:41<5:31:16, 13.65s/it, 7 steps of size 1.02e-01. acc. prob=0.76]warmup:   3%|▎         | 45/1500 [21:50<4:55:04, 12.17s/it, 15 steps of size 1.55e-01. acc. prob=0.76]warmup:   3%|▎         | 46/1500 [21:51<3:39:05,  9.04s/it, 3 steps of size 5.36e-02. acc. prob=0.75] warmup:   3%|▎         | 47/1500 [22:09<4:43:58, 11.73s/it, 31 steps of size 8.98e-02. acc. prob=0.76]warmup:   3%|▎         | 48/1500 [22:27<5:29:16, 13.61s/it, 31 steps of size 1.17e-01. acc. prob=0.76]warmup:   3%|▎         | 49/1500 [22:36<4:53:30, 12.14s/it, 15 steps of size 1.90e-01. acc. prob=0.77]warmup:   3%|▎         | 50/1500 [22:38<3:37:57,  9.02s/it, 3 steps of size 2.97e-02. acc. prob=0.75] warmup:   3%|▎         | 51/1500 [23:51<11:26:29, 28.43s/it, 127 steps of size 4.32e-02. acc. prob=0.75]warmup:   3%|▎         | 52/1500 [24:00<9:03:17, 22.51s/it, 15 steps of size 6.98e-02. acc. prob=0.76]  warmup:   4%|▎         | 53/1500 [24:09<7:23:02, 18.37s/it, 15 steps of size 9.19e-02. acc. prob=0.76]warmup:   4%|▎         | 54/1500 [24:18<6:12:51, 15.47s/it, 15 steps of size 1.41e-01. acc. prob=0.77]warmup:   4%|▎         | 55/1500 [24:26<5:23:43, 13.44s/it, 15 steps of size 5.42e-02. acc. prob=0.76]warmup:   4%|▎         | 56/1500 [24:44<5:56:21, 14.81s/it, 31 steps of size 6.49e-02. acc. prob=0.76]warmup:   4%|▍         | 57/1500 [25:02<6:19:07, 15.76s/it, 31 steps of size 1.05e-01. acc. prob=0.76]warmup:   4%|▍         | 58/1500 [25:11<5:27:59, 13.65s/it, 15 steps of size 1.34e-01. acc. prob=0.77]warmup:   4%|▍         | 59/1500 [25:15<4:18:42, 10.77s/it, 7 steps of size 1.29e-01. acc. prob=0.77] warmup:   4%|▍         | 60/1500 [25:28<4:37:04, 11.54s/it, 23 steps of size 1.47e-01. acc. prob=0.77]warmup:   4%|▍         | 61/1500 [25:32<3:43:04,  9.30s/it, 7 steps of size 3.72e-02. acc. prob=0.76] warmup:   4%|▍         | 62/1500 [26:28<9:12:32, 23.05s/it, 95 steps of size 5.57e-02. acc. prob=0.76]warmup:   4%|▍         | 63/1500 [26:46<8:35:48, 21.54s/it, 31 steps of size 8.53e-02. acc. prob=0.77]warmup:   4%|▍         | 64/1500 [26:50<6:30:00, 16.30s/it, 7 steps of size 5.43e-02. acc. prob=0.76] warmup:   4%|▍         | 65/1500 [26:54<5:01:59, 12.63s/it, 7 steps of size 5.14e-02. acc. prob=0.76]warmup:   4%|▍         | 66/1500 [27:12<5:40:20, 14.24s/it, 31 steps of size 7.46e-02. acc. prob=0.77]warmup:   4%|▍         | 67/1500 [27:20<5:00:29, 12.58s/it, 15 steps of size 8.92e-02. acc. prob=0.77]warmup:   5%|▍         | 68/1500 [27:29<4:32:34, 11.42s/it, 15 steps of size 6.78e-02. acc. prob=0.77]warmup:   5%|▍         | 69/1500 [27:38<4:12:59, 10.61s/it, 15 steps of size 5.69e-02. acc. prob=0.76]warmup:   5%|▍         | 70/1500 [27:56<5:05:41, 12.83s/it, 31 steps of size 5.85e-02. acc. prob=0.76]warmup:   5%|▍         | 71/1500 [28:05<4:36:04, 11.59s/it, 15 steps of size 7.15e-02. acc. prob=0.77]warmup:   5%|▍         | 72/1500 [28:13<4:15:20, 10.73s/it, 15 steps of size 5.01e-02. acc. prob=0.76]warmup:   5%|▍         | 73/1500 [28:31<5:07:01, 12.91s/it, 31 steps of size 5.64e-02. acc. prob=0.77]warmup:   5%|▍         | 74/1500 [28:40<4:36:52, 11.65s/it, 15 steps of size 7.50e-02. acc. prob=0.77]warmup:   5%|▌         | 75/1500 [28:53<4:48:51, 12.16s/it, 23 steps of size 6.14e-02. acc. prob=0.77]warmup:   5%|▌         | 76/1500 [29:02<4:24:04, 11.13s/it, 15 steps of size 6.04e-02. acc. prob=0.77]warmup:   5%|▌         | 77/1500 [29:06<3:33:38,  9.01s/it, 7 steps of size 9.28e-02. acc. prob=0.77] warmup:   5%|▌         | 78/1500 [29:15<3:31:24,  8.92s/it, 15 steps of size 6.38e-02. acc. prob=0.77]warmup:   5%|▌         | 79/1500 [29:19<2:56:46,  7.46s/it, 7 steps of size 7.89e-02. acc. prob=0.77] warmup:   5%|▌         | 80/1500 [29:32<3:38:30,  9.23s/it, 23 steps of size 1.12e-01. acc. prob=0.77]warmup:   5%|▌         | 81/1500 [29:36<3:01:43,  7.68s/it, 7 steps of size 1.71e-01. acc. prob=0.77] warmup:   5%|▌         | 82/1500 [29:38<2:19:29,  5.90s/it, 3 steps of size 3.71e-02. acc. prob=0.77]warmup:   6%|▌         | 83/1500 [30:33<8:08:24, 20.68s/it, 95 steps of size 5.25e-02. acc. prob=0.77]warmup:   6%|▌         | 84/1500 [31:10<10:00:40, 25.45s/it, 63 steps of size 7.94e-02. acc. prob=0.77]warmup:   6%|▌         | 85/1500 [31:32<9:40:21, 24.61s/it, 39 steps of size 7.28e-02. acc. prob=0.77] warmup:   6%|▌         | 86/1500 [31:51<8:53:15, 22.63s/it, 31 steps of size 9.25e-02. acc. prob=0.77]warmup:   6%|▌         | 87/1500 [31:55<6:41:44, 17.06s/it, 7 steps of size 8.48e-02. acc. prob=0.77] warmup:   6%|▌         | 88/1500 [32:13<6:48:06, 17.34s/it, 31 steps of size 9.08e-02. acc. prob=0.77]warmup:   6%|▌         | 89/1500 [32:17<5:14:09, 13.36s/it, 7 steps of size 1.27e-01. acc. prob=0.77] warmup:   6%|▌         | 90/1500 [32:21<4:08:24, 10.57s/it, 7 steps of size 1.49e-01. acc. prob=0.78]warmup:   6%|▌         | 91/1500 [32:29<3:55:05, 10.01s/it, 15 steps of size 8.69e-02. acc. prob=0.77]warmup:   6%|▌         | 92/1500 [32:36<3:29:24,  8.92s/it, 11 steps of size 6.11e-02. acc. prob=0.77]warmup:   6%|▌         | 93/1500 [32:44<3:27:44,  8.86s/it, 15 steps of size 8.00e-02. acc. prob=0.77]warmup:   6%|▋         | 94/1500 [32:53<3:26:32,  8.81s/it, 15 steps of size 1.10e-01. acc. prob=0.77]warmup:   6%|▋         | 95/1500 [32:57<2:53:01,  7.39s/it, 7 steps of size 1.45e-01. acc. prob=0.78] warmup:   6%|▋         | 96/1500 [33:01<2:29:34,  6.39s/it, 7 steps of size 9.40e-02. acc. prob=0.77]warmup:   6%|▋         | 97/1500 [33:10<2:45:42,  7.09s/it, 15 steps of size 9.03e-02. acc. prob=0.77]warmup:   7%|▋         | 98/1500 [33:19<2:56:58,  7.57s/it, 15 steps of size 1.05e-01. acc. prob=0.77]warmup:   7%|▋         | 99/1500 [33:27<3:04:47,  7.91s/it, 15 steps of size 1.39e-01. acc. prob=0.78]warmup:   7%|▋         | 100/1500 [33:41<3:42:44,  9.55s/it, 23 steps of size 4.70e-02. acc. prob=0.77]warmup:   7%|▋         | 101/1500 [34:55<11:11:29, 28.80s/it, 127 steps of size 6.17e-01. acc. prob=0.77]warmup:   7%|▋         | 102/1500 [34:59<8:18:07, 21.38s/it, 7 steps of size 4.36e-01. acc. prob=0.77]   warmup:   7%|▋         | 103/1500 [35:03<6:16:49, 16.18s/it, 7 steps of size 7.00e-01. acc. prob=0.77]warmup:   7%|▋         | 104/1500 [35:07<4:51:57, 12.55s/it, 7 steps of size 8.48e-01. acc. prob=0.77]warmup:   7%|▋         | 105/1500 [35:08<3:36:22,  9.31s/it, 3 steps of size 1.39e-01. acc. prob=0.77]warmup:   7%|▋         | 106/1500 [35:26<4:36:48, 11.91s/it, 31 steps of size 1.82e-01. acc. prob=0.77]warmup:   7%|▋         | 107/1500 [35:44<5:18:57, 13.74s/it, 31 steps of size 2.12e-01. acc. prob=0.77]warmup:   7%|▋         | 108/1500 [35:53<4:43:44, 12.23s/it, 15 steps of size 2.17e-01. acc. prob=0.77]warmup:   7%|▋         | 109/1500 [36:11<5:23:39, 13.96s/it, 31 steps of size 2.76e-01. acc. prob=0.77]warmup:   7%|▋         | 110/1500 [36:20<4:46:56, 12.39s/it, 15 steps of size 2.06e-01. acc. prob=0.77]warmup:   7%|▋         | 111/1500 [36:29<4:21:13, 11.28s/it, 15 steps of size 2.01e-01. acc. prob=0.77]warmup:   7%|▋         | 112/1500 [36:37<4:03:10, 10.51s/it, 15 steps of size 3.76e-01. acc. prob=0.77]warmup:   8%|▊         | 113/1500 [36:41<3:18:17,  8.58s/it, 7 steps of size 3.25e-01. acc. prob=0.77] warmup:   8%|▊         | 114/1500 [36:50<3:19:02,  8.62s/it, 15 steps of size 2.53e-01. acc. prob=0.77]warmup:   8%|▊         | 115/1500 [36:59<3:19:32,  8.64s/it, 15 steps of size 2.11e-01. acc. prob=0.77]warmup:   8%|▊         | 116/1500 [37:17<4:24:07, 11.45s/it, 31 steps of size 3.31e-01. acc. prob=0.77]warmup:   8%|▊         | 117/1500 [37:26<4:04:58, 10.63s/it, 15 steps of size 3.77e-01. acc. prob=0.77]warmup:   8%|▊         | 118/1500 [37:34<3:51:32, 10.05s/it, 15 steps of size 3.30e-01. acc. prob=0.77]warmup:   8%|▊         | 119/1500 [37:43<3:42:04,  9.65s/it, 15 steps of size 3.29e-01. acc. prob=0.77]warmup:   8%|▊         | 120/1500 [37:52<3:35:26,  9.37s/it, 15 steps of size 4.11e-01. acc. prob=0.78]warmup:   8%|▊         | 121/1500 [38:00<3:30:43,  9.17s/it, 15 steps of size 4.63e-01. acc. prob=0.78]warmup:   8%|▊         | 122/1500 [38:02<2:39:25,  6.94s/it, 3 steps of size 3.13e-01. acc. prob=0.77] warmup:   8%|▊         | 123/1500 [38:11<2:51:27,  7.47s/it, 15 steps of size 2.84e-01. acc. prob=0.77]warmup:   8%|▊         | 124/1500 [38:15<2:27:54,  6.45s/it, 7 steps of size 1.32e-01. acc. prob=0.77] warmup:   8%|▊         | 125/1500 [38:33<3:47:10,  9.91s/it, 31 steps of size 1.43e-01. acc. prob=0.77]warmup:   8%|▊         | 126/1500 [38:51<4:42:33, 12.34s/it, 31 steps of size 1.75e-01. acc. prob=0.77]warmup:   8%|▊         | 127/1500 [39:00<4:17:26, 11.25s/it, 15 steps of size 3.00e-01. acc. prob=0.78]warmup:   9%|▊         | 128/1500 [39:08<3:59:47, 10.49s/it, 15 steps of size 3.66e-01. acc. prob=0.78]warmup:   9%|▊         | 129/1500 [39:26<4:51:06, 12.74s/it, 31 steps of size 3.52e-01. acc. prob=0.78]warmup:   9%|▊         | 130/1500 [39:30<3:51:29, 10.14s/it, 7 steps of size 2.18e-01. acc. prob=0.78] warmup:   9%|▊         | 131/1500 [39:39<3:41:31,  9.71s/it, 15 steps of size 2.79e-01. acc. prob=0.78]warmup:   9%|▉         | 132/1500 [39:43<3:02:45,  8.02s/it, 7 steps of size 4.80e-01. acc. prob=0.78] warmup:   9%|▉         | 133/1500 [39:47<2:35:37,  6.83s/it, 7 steps of size 5.22e-01. acc. prob=0.78]warmup:   9%|▉         | 134/1500 [39:51<2:16:36,  6.00s/it, 7 steps of size 4.56e-01. acc. prob=0.78]warmup:   9%|▉         | 135/1500 [40:00<2:34:59,  6.81s/it, 15 steps of size 3.42e-01. acc. prob=0.78]warmup:   9%|▉         | 136/1500 [40:09<2:47:48,  7.38s/it, 15 steps of size 4.71e-01. acc. prob=0.78]warmup:   9%|▉         | 137/1500 [40:15<2:40:53,  7.08s/it, 11 steps of size 2.28e-01. acc. prob=0.78]warmup:   9%|▉         | 138/1500 [40:24<2:51:52,  7.57s/it, 15 steps of size 3.66e-01. acc. prob=0.78]warmup:   9%|▉         | 139/1500 [40:32<2:59:29,  7.91s/it, 15 steps of size 4.42e-01. acc. prob=0.78]warmup:   9%|▉         | 140/1500 [40:37<2:33:11,  6.76s/it, 7 steps of size 5.11e-01. acc. prob=0.78] warmup:   9%|▉         | 141/1500 [40:41<2:14:46,  5.95s/it, 7 steps of size 2.43e-01. acc. prob=0.78]warmup:   9%|▉         | 142/1500 [40:45<2:01:53,  5.39s/it, 7 steps of size 1.63e-01. acc. prob=0.78]warmup:  10%|▉         | 143/1500 [41:03<3:27:19,  9.17s/it, 31 steps of size 1.34e-01. acc. prob=0.78]warmup:  10%|▉         | 144/1500 [41:21<4:27:00, 11.81s/it, 31 steps of size 2.21e-01. acc. prob=0.78]warmup:  10%|▉         | 145/1500 [41:29<4:05:45, 10.88s/it, 15 steps of size 2.97e-01. acc. prob=0.78]warmup:  10%|▉         | 146/1500 [41:38<3:50:51, 10.23s/it, 15 steps of size 2.99e-01. acc. prob=0.78]warmup:  10%|▉         | 147/1500 [41:47<3:40:22,  9.77s/it, 15 steps of size 3.62e-01. acc. prob=0.78]warmup:  10%|▉         | 148/1500 [41:55<3:33:00,  9.45s/it, 15 steps of size 3.67e-01. acc. prob=0.78]warmup:  10%|▉         | 149/1500 [42:04<3:27:49,  9.23s/it, 15 steps of size 2.70e-01. acc. prob=0.78]warmup:  10%|█         | 150/1500 [42:13<3:24:09,  9.07s/it, 15 steps of size 3.93e-01. acc. prob=0.78]warmup:  10%|█         | 151/1500 [42:17<2:50:13,  7.57s/it, 7 steps of size 4.62e+00. acc. prob=0.78] warmup:  10%|█         | 152/1500 [42:18<2:02:59,  5.47s/it, 1 steps of size 7.35e-01. acc. prob=0.78]warmup:  10%|█         | 153/1500 [42:20<1:41:39,  4.53s/it, 4 steps of size 9.76e-02. acc. prob=0.77]warmup:  10%|█         | 154/1500 [42:38<3:12:12,  8.57s/it, 31 steps of size 9.04e-02. acc. prob=0.77]warmup:  10%|█         | 155/1500 [42:47<3:12:59,  8.61s/it, 15 steps of size 1.31e-01. acc. prob=0.77]warmup:  10%|█         | 156/1500 [43:05<4:15:55, 11.43s/it, 31 steps of size 1.69e-01. acc. prob=0.77]warmup:  10%|█         | 157/1500 [43:09<3:26:18,  9.22s/it, 7 steps of size 1.97e-01. acc. prob=0.77] warmup:  11%|█         | 158/1500 [43:13<2:51:35,  7.67s/it, 7 steps of size 2.24e-01. acc. prob=0.78]warmup:  11%|█         | 159/1500 [43:21<2:58:23,  7.98s/it, 15 steps of size 3.67e-01. acc. prob=0.78]warmup:  11%|█         | 160/1500 [43:30<3:03:06,  8.20s/it, 15 steps of size 5.32e-01. acc. prob=0.78]warmup:  11%|█         | 161/1500 [43:39<3:06:22,  8.35s/it, 15 steps of size 4.41e-01. acc. prob=0.78]warmup:  11%|█         | 162/1500 [43:43<2:37:32,  7.06s/it, 7 steps of size 2.01e-01. acc. prob=0.78] warmup:  11%|█         | 163/1500 [43:47<2:17:22,  6.16s/it, 7 steps of size 1.11e-01. acc. prob=0.77]warmup:  11%|█         | 164/1500 [44:05<3:36:17,  9.71s/it, 31 steps of size 8.67e-02. acc. prob=0.77]warmup:  11%|█         | 165/1500 [44:23<4:31:24, 12.20s/it, 31 steps of size 1.64e-01. acc. prob=0.78]warmup:  11%|█         | 166/1500 [44:32<4:07:55, 11.15s/it, 15 steps of size 2.90e-01. acc. prob=0.78]warmup:  11%|█         | 167/1500 [44:40<3:51:25, 10.42s/it, 15 steps of size 3.97e-01. acc. prob=0.78]warmup:  11%|█         | 168/1500 [44:49<3:39:51,  9.90s/it, 15 steps of size 3.51e-01. acc. prob=0.78]warmup:  11%|█▏        | 169/1500 [44:53<3:00:49,  8.15s/it, 7 steps of size 1.30e-01. acc. prob=0.78] warmup:  11%|█▏        | 170/1500 [45:02<3:04:22,  8.32s/it, 15 steps of size 2.20e-01. acc. prob=0.78]warmup:  11%|█▏        | 171/1500 [45:10<3:06:49,  8.43s/it, 15 steps of size 2.65e-01. acc. prob=0.78]warmup:  11%|█▏        | 172/1500 [45:19<3:08:30,  8.52s/it, 15 steps of size 3.92e-01. acc. prob=0.78]warmup:  12%|█▏        | 173/1500 [45:23<2:38:49,  7.18s/it, 7 steps of size 3.19e-01. acc. prob=0.78] warmup:  12%|█▏        | 174/1500 [45:32<2:48:49,  7.64s/it, 15 steps of size 4.79e-01. acc. prob=0.78]warmup:  12%|█▏        | 175/1500 [45:36<2:25:00,  6.57s/it, 7 steps of size 7.76e-01. acc. prob=0.78] warmup:  12%|█▏        | 176/1500 [45:38<1:52:57,  5.12s/it, 3 steps of size 8.25e-02. acc. prob=0.78]warmup:  12%|█▏        | 177/1500 [45:56<3:17:59,  8.98s/it, 31 steps of size 1.29e-01. acc. prob=0.78]warmup:  12%|█▏        | 178/1500 [46:14<4:17:26, 11.68s/it, 31 steps of size 1.63e-01. acc. prob=0.78]warmup:  12%|█▏        | 179/1500 [46:32<4:58:55, 13.58s/it, 31 steps of size 2.91e-01. acc. prob=0.78]warmup:  12%|█▏        | 180/1500 [46:40<4:26:32, 12.12s/it, 15 steps of size 4.61e-01. acc. prob=0.78]warmup:  12%|█▏        | 181/1500 [46:45<3:33:14,  9.70s/it, 7 steps of size 4.51e-01. acc. prob=0.78] warmup:  12%|█▏        | 182/1500 [46:49<2:55:56,  8.01s/it, 7 steps of size 5.44e-02. acc. prob=0.77]warmup:  12%|█▏        | 183/1500 [47:25<6:03:48, 16.57s/it, 63 steps of size 9.51e-02. acc. prob=0.78]warmup:  12%|█▏        | 184/1500 [48:02<8:15:03, 22.57s/it, 63 steps of size 1.50e-01. acc. prob=0.78]warmup:  12%|█▏        | 185/1500 [48:20<7:44:35, 21.20s/it, 31 steps of size 1.08e-01. acc. prob=0.78]warmup:  12%|█▏        | 186/1500 [48:38<7:23:10, 20.24s/it, 31 steps of size 1.88e-01. acc. prob=0.78]warmup:  12%|█▏        | 187/1500 [48:46<6:07:08, 16.78s/it, 15 steps of size 1.71e-01. acc. prob=0.78]warmup:  13%|█▎        | 188/1500 [48:55<5:13:55, 14.36s/it, 15 steps of size 1.76e-01. acc. prob=0.78]warmup:  13%|█▎        | 189/1500 [49:13<5:37:29, 15.45s/it, 31 steps of size 2.90e-01. acc. prob=0.78]warmup:  13%|█▎        | 190/1500 [49:22<4:53:05, 13.42s/it, 15 steps of size 3.44e-01. acc. prob=0.78]warmup:  13%|█▎        | 191/1500 [49:31<4:21:59, 12.01s/it, 15 steps of size 4.51e-01. acc. prob=0.78]warmup:  13%|█▎        | 192/1500 [49:39<4:00:11, 11.02s/it, 15 steps of size 6.63e-01. acc. prob=0.78]warmup:  13%|█▎        | 193/1500 [49:49<3:52:46, 10.69s/it, 17 steps of size 1.02e-01. acc. prob=0.78]warmup:  13%|█▎        | 194/1500 [50:07<4:40:19, 12.88s/it, 31 steps of size 1.66e-01. acc. prob=0.78]warmup:  13%|█▎        | 195/1500 [50:34<6:14:01, 17.20s/it, 47 steps of size 1.90e-01. acc. prob=0.78]warmup:  13%|█▎        | 196/1500 [50:43<5:18:23, 14.65s/it, 15 steps of size 2.54e-01. acc. prob=0.78]warmup:  13%|█▎        | 197/1500 [50:52<4:39:25, 12.87s/it, 15 steps of size 3.86e-01. acc. prob=0.78]warmup:  13%|█▎        | 198/1500 [50:56<3:41:53, 10.23s/it, 7 steps of size 6.33e-01. acc. prob=0.78] warmup:  13%|█▎        | 199/1500 [51:00<3:01:38,  8.38s/it, 7 steps of size 1.95e-01. acc. prob=0.78]warmup:  13%|█▎        | 200/1500 [51:09<3:03:38,  8.48s/it, 15 steps of size 2.93e-01. acc. prob=0.78]warmup:  13%|█▎        | 201/1500 [51:17<3:04:59,  8.54s/it, 15 steps of size 2.84e-01. acc. prob=0.78]warmup:  13%|█▎        | 202/1500 [51:26<3:05:53,  8.59s/it, 15 steps of size 3.93e-01. acc. prob=0.78]warmup:  14%|█▎        | 203/1500 [51:35<3:06:28,  8.63s/it, 15 steps of size 5.16e-01. acc. prob=0.78]warmup:  14%|█▎        | 204/1500 [51:39<2:36:45,  7.26s/it, 7 steps of size 2.16e-01. acc. prob=0.78] warmup:  14%|█▎        | 205/1500 [51:48<2:46:01,  7.69s/it, 15 steps of size 3.37e-01. acc. prob=0.78]warmup:  14%|█▎        | 206/1500 [51:56<2:52:27,  8.00s/it, 15 steps of size 5.05e-01. acc. prob=0.78]warmup:  14%|█▍        | 207/1500 [51:58<2:11:53,  6.12s/it, 3 steps of size 3.71e-01. acc. prob=0.78] warmup:  14%|█▍        | 208/1500 [52:00<1:43:31,  4.81s/it, 3 steps of size 1.02e-01. acc. prob=0.78]warmup:  14%|█▍        | 209/1500 [52:18<3:08:31,  8.76s/it, 31 steps of size 1.60e-01. acc. prob=0.78]warmup:  14%|█▍        | 210/1500 [52:26<3:08:00,  8.74s/it, 15 steps of size 1.73e-01. acc. prob=0.78]warmup:  14%|█▍        | 211/1500 [52:35<3:07:35,  8.73s/it, 15 steps of size 2.29e-01. acc. prob=0.78]warmup:  14%|█▍        | 212/1500 [52:44<3:07:17,  8.72s/it, 15 steps of size 2.35e-01. acc. prob=0.78]warmup:  14%|█▍        | 213/1500 [52:53<3:07:00,  8.72s/it, 15 steps of size 3.51e-01. acc. prob=0.78]warmup:  14%|█▍        | 214/1500 [53:01<3:06:47,  8.71s/it, 15 steps of size 5.17e-01. acc. prob=0.78]warmup:  14%|█▍        | 215/1500 [53:10<3:06:35,  8.71s/it, 15 steps of size 2.42e-01. acc. prob=0.78]warmup:  14%|█▍        | 216/1500 [53:19<3:06:24,  8.71s/it, 15 steps of size 2.53e-01. acc. prob=0.78]warmup:  14%|█▍        | 217/1500 [53:27<3:06:13,  8.71s/it, 15 steps of size 3.88e-01. acc. prob=0.78]warmup:  15%|█▍        | 218/1500 [53:31<2:36:18,  7.32s/it, 7 steps of size 5.47e-01. acc. prob=0.78] warmup:  15%|█▍        | 219/1500 [53:33<2:00:29,  5.64s/it, 3 steps of size 8.22e-01. acc. prob=0.78]warmup:  15%|█▍        | 220/1500 [53:35<1:35:25,  4.47s/it, 3 steps of size 2.39e-01. acc. prob=0.78]warmup:  15%|█▍        | 221/1500 [53:44<2:02:24,  5.74s/it, 15 steps of size 3.39e-01. acc. prob=0.78]warmup:  15%|█▍        | 222/1500 [53:52<2:21:14,  6.63s/it, 15 steps of size 4.04e-01. acc. prob=0.78]warmup:  15%|█▍        | 223/1500 [53:54<1:49:54,  5.16s/it, 3 steps of size 4.01e-01. acc. prob=0.78] warmup:  15%|█▍        | 224/1500 [53:58<1:42:48,  4.83s/it, 7 steps of size 6.11e-01. acc. prob=0.78]warmup:  15%|█▌        | 225/1500 [54:00<1:26:42,  4.08s/it, 4 steps of size 1.21e-01. acc. prob=0.78]warmup:  15%|█▌        | 226/1500 [54:18<2:55:16,  8.25s/it, 31 steps of size 1.61e-01. acc. prob=0.78]warmup:  15%|█▌        | 227/1500 [54:36<3:57:05, 11.17s/it, 31 steps of size 2.15e-01. acc. prob=0.78]warmup:  15%|█▌        | 228/1500 [54:45<3:41:12, 10.43s/it, 15 steps of size 3.13e-01. acc. prob=0.78]warmup:  15%|█▌        | 229/1500 [54:54<3:30:03,  9.92s/it, 15 steps of size 3.41e-01. acc. prob=0.78]warmup:  15%|█▌        | 230/1500 [55:03<3:22:11,  9.55s/it, 15 steps of size 4.08e-01. acc. prob=0.78]warmup:  15%|█▌        | 231/1500 [55:11<3:16:39,  9.30s/it, 15 steps of size 2.37e-01. acc. prob=0.78]warmup:  15%|█▌        | 232/1500 [55:20<3:12:45,  9.12s/it, 15 steps of size 3.14e-01. acc. prob=0.78]warmup:  16%|█▌        | 233/1500 [55:29<3:09:58,  9.00s/it, 15 steps of size 4.70e-01. acc. prob=0.78]warmup:  16%|█▌        | 234/1500 [55:30<2:23:54,  6.82s/it, 3 steps of size 1.83e-01. acc. prob=0.78] warmup:  16%|█▌        | 235/1500 [55:48<3:34:26, 10.17s/it, 31 steps of size 2.14e-01. acc. prob=0.78]warmup:  16%|█▌        | 236/1500 [55:57<3:24:59,  9.73s/it, 15 steps of size 2.77e-01. acc. prob=0.78]warmup:  16%|█▌        | 237/1500 [56:06<3:18:20,  9.42s/it, 15 steps of size 3.84e-01. acc. prob=0.78]warmup:  16%|█▌        | 238/1500 [56:15<3:13:39,  9.21s/it, 15 steps of size 3.21e-01. acc. prob=0.78]warmup:  16%|█▌        | 239/1500 [56:19<2:41:04,  7.66s/it, 7 steps of size 3.53e-01. acc. prob=0.78] warmup:  16%|█▌        | 240/1500 [56:23<2:18:15,  6.58s/it, 7 steps of size 1.63e-01. acc. prob=0.78]warmup:  16%|█▌        | 241/1500 [56:41<3:29:56, 10.00s/it, 31 steps of size 1.99e-01. acc. prob=0.78]warmup:  16%|█▌        | 242/1500 [56:59<4:19:59, 12.40s/it, 31 steps of size 2.53e-01. acc. prob=0.78]warmup:  16%|█▌        | 243/1500 [57:07<3:56:34, 11.29s/it, 15 steps of size 3.22e-01. acc. prob=0.78]warmup:  16%|█▋        | 244/1500 [57:11<3:10:58,  9.12s/it, 7 steps of size 4.62e-01. acc. prob=0.78] warmup:  16%|█▋        | 245/1500 [57:15<2:39:03,  7.60s/it, 7 steps of size 2.29e-01. acc. prob=0.78]warmup:  16%|█▋        | 246/1500 [57:24<2:45:49,  7.93s/it, 15 steps of size 3.36e-01. acc. prob=0.78]warmup:  16%|█▋        | 247/1500 [57:33<2:50:31,  8.17s/it, 15 steps of size 3.87e-01. acc. prob=0.78]warmup:  17%|█▋        | 248/1500 [57:37<2:24:42,  6.94s/it, 7 steps of size 5.42e-01. acc. prob=0.78] warmup:  17%|█▋        | 249/1500 [57:41<2:06:37,  6.07s/it, 7 steps of size 1.99e-01. acc. prob=0.78]warmup:  17%|█▋        | 250/1500 [57:50<2:22:58,  6.86s/it, 15 steps of size 2.53e-01. acc. prob=0.78]warmup:  17%|█▋        | 251/1500 [57:58<2:34:20,  7.41s/it, 15 steps of size 3.45e+00. acc. prob=0.78]warmup:  17%|█▋        | 252/1500 [57:59<1:51:34,  5.36s/it, 1 steps of size 5.74e-01. acc. prob=0.78] warmup:  17%|█▋        | 253/1500 [58:01<1:28:54,  4.28s/it, 3 steps of size 7.29e-01. acc. prob=0.78]warmup:  17%|█▋        | 254/1500 [58:05<1:27:29,  4.21s/it, 7 steps of size 6.01e-01. acc. prob=0.78]warmup:  17%|█▋        | 255/1500 [58:09<1:26:30,  4.17s/it, 7 steps of size 7.34e-02. acc. prob=0.78]warmup:  17%|█▋        | 256/1500 [58:45<4:47:51, 13.88s/it, 63 steps of size 6.45e-02. acc. prob=0.78]warmup:  17%|█▋        | 257/1500 [59:22<7:08:29, 20.68s/it, 63 steps of size 8.05e-02. acc. prob=0.78]warmup:  17%|█▋        | 258/1500 [59:40<6:51:25, 19.88s/it, 31 steps of size 1.32e-01. acc. prob=0.78]warmup:  17%|█▋        | 259/1500 [59:58<6:39:23, 19.31s/it, 31 steps of size 2.45e-01. acc. prob=0.78]warmup:  17%|█▋        | 260/1500 [1:00:16<6:30:52, 18.91s/it, 31 steps of size 2.70e-01. acc. prob=0.78]warmup:  17%|█▋        | 261/1500 [1:00:25<5:27:18, 15.85s/it, 15 steps of size 3.23e-01. acc. prob=0.78]warmup:  17%|█▋        | 262/1500 [1:00:33<4:42:48, 13.71s/it, 15 steps of size 5.35e-01. acc. prob=0.78]warmup:  18%|█▊        | 263/1500 [1:00:35<3:28:35, 10.12s/it, 3 steps of size 1.63e-01. acc. prob=0.78] warmup:  18%|█▊        | 264/1500 [1:00:53<4:17:02, 12.48s/it, 31 steps of size 2.71e-01. acc. prob=0.78]warmup:  18%|█▊        | 265/1500 [1:01:02<3:53:32, 11.35s/it, 15 steps of size 4.55e-01. acc. prob=0.78]warmup:  18%|█▊        | 266/1500 [1:01:06<3:08:24,  9.16s/it, 7 steps of size 7.73e-01. acc. prob=0.78] warmup:  18%|█▊        | 267/1500 [1:01:10<2:36:49,  7.63s/it, 7 steps of size 7.95e-02. acc. prob=0.78]warmup:  18%|█▊        | 268/1500 [1:01:46<5:34:50, 16.31s/it, 63 steps of size 1.03e-01. acc. prob=0.78]warmup:  18%|█▊        | 269/1500 [1:02:04<5:44:56, 16.81s/it, 31 steps of size 1.68e-01. acc. prob=0.78]warmup:  18%|█▊        | 270/1500 [1:02:22<5:51:52, 17.16s/it, 31 steps of size 2.21e-01. acc. prob=0.78]warmup:  18%|█▊        | 271/1500 [1:02:31<4:59:35, 14.63s/it, 15 steps of size 3.10e-01. acc. prob=0.78]warmup:  18%|█▊        | 272/1500 [1:02:35<3:54:29, 11.46s/it, 7 steps of size 2.47e-01. acc. prob=0.78] warmup:  18%|█▊        | 273/1500 [1:02:44<3:37:23, 10.63s/it, 15 steps of size 3.15e-01. acc. prob=0.78]warmup:  18%|█▊        | 274/1500 [1:02:48<2:56:57,  8.66s/it, 7 steps of size 2.32e-01. acc. prob=0.78] warmup:  18%|█▊        | 275/1500 [1:03:06<3:53:57, 11.46s/it, 31 steps of size 3.62e-01. acc. prob=0.78]warmup:  18%|█▊        | 276/1500 [1:03:10<3:08:30,  9.24s/it, 7 steps of size 1.74e-01. acc. prob=0.78] warmup:  18%|█▊        | 277/1500 [1:03:14<2:36:41,  7.69s/it, 7 steps of size 2.77e-01. acc. prob=0.78]warmup:  19%|█▊        | 278/1500 [1:03:23<2:42:46,  7.99s/it, 15 steps of size 4.58e-01. acc. prob=0.78]warmup:  19%|█▊        | 279/1500 [1:03:31<2:46:58,  8.21s/it, 15 steps of size 2.78e-01. acc. prob=0.78]warmup:  19%|█▊        | 280/1500 [1:03:40<2:49:53,  8.36s/it, 15 steps of size 4.81e-01. acc. prob=0.78]warmup:  19%|█▊        | 281/1500 [1:03:49<2:51:52,  8.46s/it, 15 steps of size 3.15e-01. acc. prob=0.78]warmup:  19%|█▉        | 282/1500 [1:03:58<2:53:12,  8.53s/it, 15 steps of size 2.04e-01. acc. prob=0.78]warmup:  19%|█▉        | 283/1500 [1:04:06<2:54:07,  8.58s/it, 15 steps of size 1.54e-01. acc. prob=0.78]warmup:  19%|█▉        | 284/1500 [1:04:24<3:51:08, 11.41s/it, 31 steps of size 2.62e-01. acc. prob=0.78]warmup:  19%|█▉        | 285/1500 [1:04:33<3:34:32, 10.59s/it, 15 steps of size 3.87e-01. acc. prob=0.78]warmup:  19%|█▉        | 286/1500 [1:04:37<2:54:43,  8.64s/it, 7 steps of size 6.01e-01. acc. prob=0.78] warmup:  19%|█▉        | 287/1500 [1:04:41<2:26:50,  7.26s/it, 7 steps of size 3.21e-01. acc. prob=0.78]warmup:  19%|█▉        | 288/1500 [1:04:50<2:35:27,  7.70s/it, 15 steps of size 5.39e-01. acc. prob=0.78]warmup:  19%|█▉        | 289/1500 [1:04:58<2:41:25,  8.00s/it, 15 steps of size 1.78e-01. acc. prob=0.78]warmup:  19%|█▉        | 290/1500 [1:05:07<2:45:33,  8.21s/it, 15 steps of size 1.36e-01. acc. prob=0.78]warmup:  19%|█▉        | 291/1500 [1:05:25<3:44:32, 11.14s/it, 31 steps of size 2.22e-01. acc. prob=0.78]warmup:  19%|█▉        | 292/1500 [1:05:34<3:29:39, 10.41s/it, 15 steps of size 3.49e-01. acc. prob=0.78]warmup:  20%|█▉        | 293/1500 [1:05:43<3:19:10,  9.90s/it, 15 steps of size 4.85e-01. acc. prob=0.78]warmup:  20%|█▉        | 294/1500 [1:05:47<2:43:49,  8.15s/it, 7 steps of size 3.78e-01. acc. prob=0.78] warmup:  20%|█▉        | 295/1500 [1:05:51<2:19:03,  6.92s/it, 7 steps of size 6.24e-01. acc. prob=0.78]warmup:  20%|█▉        | 296/1500 [1:05:55<2:01:43,  6.07s/it, 7 steps of size 5.25e-01. acc. prob=0.78]warmup:  20%|█▉        | 297/1500 [1:05:59<1:49:34,  5.46s/it, 7 steps of size 3.50e-01. acc. prob=0.78]warmup:  20%|█▉        | 298/1500 [1:06:08<2:08:57,  6.44s/it, 15 steps of size 3.75e-01. acc. prob=0.78]warmup:  20%|█▉        | 299/1500 [1:06:12<1:54:35,  5.72s/it, 7 steps of size 2.88e-01. acc. prob=0.78] warmup:  20%|██        | 300/1500 [1:06:16<1:44:31,  5.23s/it, 7 steps of size 2.13e-01. acc. prob=0.78]warmup:  20%|██        | 301/1500 [1:06:24<2:05:18,  6.27s/it, 15 steps of size 2.04e-01. acc. prob=0.78]warmup:  20%|██        | 302/1500 [1:06:42<3:15:27,  9.79s/it, 31 steps of size 3.30e-01. acc. prob=0.78]warmup:  20%|██        | 303/1500 [1:06:46<2:41:02,  8.07s/it, 7 steps of size 4.29e-01. acc. prob=0.78] warmup:  20%|██        | 304/1500 [1:06:55<2:44:42,  8.26s/it, 15 steps of size 4.91e-01. acc. prob=0.78]warmup:  20%|██        | 305/1500 [1:06:59<2:19:29,  7.00s/it, 7 steps of size 4.55e-01. acc. prob=0.78] warmup:  20%|██        | 306/1500 [1:07:03<2:01:49,  6.12s/it, 7 steps of size 4.34e-01. acc. prob=0.78]warmup:  20%|██        | 307/1500 [1:07:07<1:49:27,  5.50s/it, 7 steps of size 5.94e-01. acc. prob=0.78]warmup:  21%|██        | 308/1500 [1:07:11<1:40:46,  5.07s/it, 7 steps of size 3.52e-01. acc. prob=0.78]warmup:  21%|██        | 309/1500 [1:07:20<2:02:21,  6.16s/it, 15 steps of size 4.23e-01. acc. prob=0.78]warmup:  21%|██        | 310/1500 [1:07:29<2:17:23,  6.93s/it, 15 steps of size 4.87e-01. acc. prob=0.78]warmup:  21%|██        | 311/1500 [1:07:33<2:00:15,  6.07s/it, 7 steps of size 4.52e-01. acc. prob=0.78] warmup:  21%|██        | 312/1500 [1:07:37<1:48:16,  5.47s/it, 7 steps of size 6.66e-01. acc. prob=0.78]warmup:  21%|██        | 313/1500 [1:07:41<1:39:51,  5.05s/it, 7 steps of size 4.07e-01. acc. prob=0.78]warmup:  21%|██        | 314/1500 [1:07:50<2:01:29,  6.15s/it, 15 steps of size 6.29e-01. acc. prob=0.78]warmup:  21%|██        | 315/1500 [1:07:54<1:49:03,  5.52s/it, 7 steps of size 7.91e-01. acc. prob=0.78] warmup:  21%|██        | 316/1500 [1:07:58<1:40:20,  5.08s/it, 7 steps of size 2.30e-01. acc. prob=0.78]warmup:  21%|██        | 317/1500 [1:08:07<2:01:41,  6.17s/it, 15 steps of size 2.42e-01. acc. prob=0.78]warmup:  21%|██        | 318/1500 [1:08:15<2:16:36,  6.93s/it, 15 steps of size 2.78e-01. acc. prob=0.78]warmup:  21%|██▏       | 319/1500 [1:08:24<2:26:59,  7.47s/it, 15 steps of size 2.58e-01. acc. prob=0.78]warmup:  21%|██▏       | 320/1500 [1:08:28<2:06:47,  6.45s/it, 7 steps of size 3.80e-01. acc. prob=0.78] warmup:  21%|██▏       | 321/1500 [1:08:32<1:52:39,  5.73s/it, 7 steps of size 4.83e-01. acc. prob=0.78]warmup:  21%|██▏       | 322/1500 [1:08:36<1:42:44,  5.23s/it, 7 steps of size 4.29e-01. acc. prob=0.78]warmup:  22%|██▏       | 323/1500 [1:08:45<2:03:06,  6.28s/it, 15 steps of size 2.33e-01. acc. prob=0.78]warmup:  22%|██▏       | 324/1500 [1:09:03<3:11:58,  9.79s/it, 31 steps of size 3.51e-01. acc. prob=0.78]warmup:  22%|██▏       | 325/1500 [1:09:12<3:05:25,  9.47s/it, 15 steps of size 5.15e-01. acc. prob=0.78]warmup:  22%|██▏       | 326/1500 [1:09:16<2:33:33,  7.85s/it, 7 steps of size 6.20e-01. acc. prob=0.78] warmup:  22%|██▏       | 327/1500 [1:09:20<2:11:15,  6.71s/it, 7 steps of size 9.28e-01. acc. prob=0.78]warmup:  22%|██▏       | 328/1500 [1:09:22<1:45:25,  5.40s/it, 4 steps of size 1.89e-01. acc. prob=0.78]warmup:  22%|██▏       | 329/1500 [1:09:31<2:04:43,  6.39s/it, 15 steps of size 2.49e-01. acc. prob=0.78]warmup:  22%|██▏       | 330/1500 [1:09:40<2:18:11,  7.09s/it, 15 steps of size 3.67e-01. acc. prob=0.78]warmup:  22%|██▏       | 331/1500 [1:09:44<2:00:24,  6.18s/it, 7 steps of size 5.46e-01. acc. prob=0.78] warmup:  22%|██▏       | 332/1500 [1:09:48<1:47:56,  5.55s/it, 7 steps of size 3.93e-01. acc. prob=0.78]warmup:  22%|██▏       | 333/1500 [1:09:56<2:06:20,  6.50s/it, 15 steps of size 4.42e-01. acc. prob=0.78]warmup:  22%|██▏       | 334/1500 [1:10:05<2:19:08,  7.16s/it, 15 steps of size 3.55e-01. acc. prob=0.78]warmup:  22%|██▏       | 335/1500 [1:10:14<2:28:03,  7.63s/it, 15 steps of size 4.92e-01. acc. prob=0.78]warmup:  22%|██▏       | 336/1500 [1:10:22<2:34:13,  7.95s/it, 15 steps of size 3.58e-01. acc. prob=0.78]warmup:  22%|██▏       | 337/1500 [1:10:27<2:11:30,  6.78s/it, 7 steps of size 4.22e-01. acc. prob=0.78] warmup:  23%|██▎       | 338/1500 [1:10:31<1:55:35,  5.97s/it, 7 steps of size 5.73e-01. acc. prob=0.78]warmup:  23%|██▎       | 339/1500 [1:10:32<1:30:58,  4.70s/it, 3 steps of size 1.29e-01. acc. prob=0.78]warmup:  23%|██▎       | 340/1500 [1:10:50<2:48:00,  8.69s/it, 31 steps of size 1.89e-01. acc. prob=0.78]warmup:  23%|██▎       | 341/1500 [1:11:08<3:41:50, 11.48s/it, 31 steps of size 2.74e-01. acc. prob=0.78]warmup:  23%|██▎       | 342/1500 [1:11:15<3:12:08,  9.96s/it, 11 steps of size 2.77e-01. acc. prob=0.78]warmup:  23%|██▎       | 343/1500 [1:11:23<3:04:44,  9.58s/it, 15 steps of size 4.07e-01. acc. prob=0.78]warmup:  23%|██▎       | 344/1500 [1:11:28<2:32:42,  7.93s/it, 7 steps of size 4.18e-01. acc. prob=0.78] warmup:  23%|██▎       | 345/1500 [1:11:32<2:10:17,  6.77s/it, 7 steps of size 2.67e-01. acc. prob=0.78]warmup:  23%|██▎       | 346/1500 [1:11:40<2:21:22,  7.35s/it, 15 steps of size 2.45e-01. acc. prob=0.78]warmup:  23%|██▎       | 347/1500 [1:11:49<2:29:04,  7.76s/it, 15 steps of size 3.54e-01. acc. prob=0.78]warmup:  23%|██▎       | 348/1500 [1:11:58<2:34:25,  8.04s/it, 15 steps of size 3.38e-01. acc. prob=0.78]warmup:  23%|██▎       | 349/1500 [1:12:06<2:38:07,  8.24s/it, 15 steps of size 3.50e-01. acc. prob=0.78]warmup:  23%|██▎       | 350/1500 [1:12:10<2:13:58,  6.99s/it, 7 steps of size 3.21e-01. acc. prob=0.78] warmup:  23%|██▎       | 351/1500 [1:12:19<2:23:44,  7.51s/it, 15 steps of size 4.13e-01. acc. prob=0.78]warmup:  23%|██▎       | 352/1500 [1:12:21<1:50:32,  5.78s/it, 3 steps of size 5.97e-01. acc. prob=0.78] warmup:  24%|██▎       | 353/1500 [1:12:25<1:40:37,  5.26s/it, 7 steps of size 3.15e-01. acc. prob=0.78]warmup:  24%|██▎       | 354/1500 [1:12:29<1:33:39,  4.90s/it, 7 steps of size 4.55e-01. acc. prob=0.78]warmup:  24%|██▎       | 355/1500 [1:12:33<1:28:46,  4.65s/it, 7 steps of size 6.26e-01. acc. prob=0.79]warmup:  24%|██▎       | 356/1500 [1:12:37<1:25:19,  4.48s/it, 7 steps of size 4.84e-