1 sigma:
 [2.64456193e-02 1.54431076e+00 2.79032892e-03 5.73404265e-03
 5.38224132e-04 7.16822284e-02 3.73607162e-02 4.32782025e-03
 4.54436895e-03]
fisher_cov: [[ 6.99370783e-04 -4.75416613e-03  9.73720782e-06  2.84205958e-05
  -1.17632673e-06 -1.59486979e-03 -1.47164111e-04  9.64520021e-06
   7.37550177e-05]
 [-4.75416613e-03  2.38489573e+00 -4.28227492e-03 -7.91330110e-03
   8.00935404e-04  6.18239041e-02  3.51902204e-02  4.35153455e-03
  -2.88556507e-03]
 [ 9.73720782e-06 -4.28227492e-03  7.78593550e-06  1.42761570e-05
  -1.45187570e-06 -1.19034606e-04 -6.60563991e-05 -7.20412205e-06
   5.15759927e-06]
 [ 2.84205958e-05 -7.91330110e-03  1.42761570e-05  3.28792451e-05
  -2.34682811e-06 -2.44199238e-04 -1.81902513e-04 -1.39265724e-05
   1.08361910e-05]
 [-1.17632673e-06  8.00935404e-04 -1.45187570e-06 -2.34682811e-06
   2.89685216e-07  2.00947939e-05  8.49585951e-06  1.37252820e-06
  -9.06978446e-07]
 [-1.59486979e-03  6.18239041e-02 -1.19034606e-04 -2.44199238e-04
   2.00947939e-05  5.13834187e-03  1.35393296e-03  4.24193801e-05
  -2.10835758e-04]
 [-1.47164111e-04  3.51902204e-02 -6.60563991e-05 -1.81902513e-04
   8.49585951e-06  1.35393296e-03  1.39582312e-03  4.89805845e-05
  -4.56895369e-05]
 [ 9.64520021e-06  4.35153455e-03 -7.20412205e-06 -1.39265724e-05
   1.37252820e-06  4.24193801e-05  4.89805845e-05  1.87300281e-05
  -3.92538706e-06]
 [ 7.37550177e-05 -2.88556507e-03  5.15759927e-06  1.08361910e-05
  -9.06978446e-07 -2.10835758e-04 -4.56895369e-05 -3.92538706e-06
   2.06512891e-05]]
cholesky: [[ 2.64456383e-02  0.00000000e+00  0.00000000e+00  0.00000000e+00
   0.00000000e+00  0.00000000e+00  0.00000000e+00  0.00000000e+00
   0.00000000e+00]
 [-1.79771276e-01  1.53381160e+00  0.00000000e+00  0.00000000e+00
   0.00000000e+00  0.00000000e+00  0.00000000e+00  0.00000000e+00
   0.00000000e+00]
 [ 3.68197119e-04 -2.74876240e-03  3.09308318e-04  0.00000000e+00
   0.00000000e+00  0.00000000e+00  0.00000000e+00  0.00000000e+00
   0.00000000e+00]
 [ 1.07467990e-03 -5.03328083e-03  1.46034926e-04  2.52389899e-03
   0.00000000e+00  0.00000000e+00  0.00000000e+00  0.00000000e+00
   0.00000000e+00]
 [-4.44809354e-05  5.16972886e-04 -4.67569487e-05  1.22775327e-04
   6.46970198e-05  0.00000000e+00  0.00000000e+00  0.00000000e+00
   0.00000000e+00]
 [-6.03074795e-02  3.32389920e-02 -1.76635208e-02 -3.76692157e-03
  -2.08362220e-03  8.12336433e-03  0.00000000e+00  0.00000000e+00
   0.00000000e+00]
 [-5.56477821e-03  2.22907645e-02 -8.84375977e-03 -2.47375125e-02
  -1.00737084e-02  8.64994445e-04  8.69452451e-03  0.00000000e+00
   0.00000000e+00]
 [ 3.64717997e-04  2.87981938e-03  1.86716309e-03 -3.81389383e-05
  -1.24456558e-04  1.56338807e-04  1.14680440e-04  2.60073331e-03
   0.00000000e+00]
 [ 2.78892939e-03 -1.55442538e-03 -4.59161716e-04  3.25602666e-05
  -7.41159507e-05  1.08684857e-04  4.41285142e-05  1.38883758e-04
   3.19491666e-03]]
  0%|          | 0/5500 [00:00<?, ?it/s]warmup:   0%|          | 1/5500 [00:25<38:40:09, 25.32s/it, 1 steps of size 2.34e+00. acc. prob=0.00]warmup:   0%|          | 2/5500 [00:25<16:25:39, 10.76s/it, 1 steps of size 2.30e-01. acc. prob=0.00]warmup:   0%|          | 3/5500 [00:26<9:19:04,  6.10s/it, 1 steps of size 1.67e-02. acc. prob=0.00] warmup:   0%|          | 4/5500 [00:28<6:39:26,  4.36s/it, 3 steps of size 1.86e-02. acc. prob=0.25]warmup:   0%|          | 5/5500 [00:32<6:25:43,  4.21s/it, 7 steps of size 2.57e-02. acc. prob=0.40]warmup:   0%|          | 6/5500 [00:40<8:38:18,  5.66s/it, 15 steps of size 4.04e-02. acc. prob=0.50]warmup:   0%|          | 7/5500 [00:49<10:02:40,  6.58s/it, 15 steps of size 3.27e-02. acc. prob=0.54]warmup:   0%|          | 8/5500 [01:24<24:11:45, 15.86s/it, 63 steps of size 3.63e-02. acc. prob=0.58]warmup:   0%|          | 9/5500 [02:18<42:27:14, 27.83s/it, 95 steps of size 4.46e-02. acc. prob=0.61]warmup:   0%|          | 10/5500 [02:33<36:04:10, 23.65s/it, 25 steps of size 5.03e-03. acc. prob=0.56]warmup:   0%|          | 11/5500 [04:59<93:06:10, 61.06s/it, 255 steps of size 8.87e-03. acc. prob=0.60]warmup:   0%|          | 12/5500 [08:38<166:19:00, 109.10s/it, 383 steps of size 1.58e-02. acc. prob=0.63]warmup:   0%|          | 13/5500 [09:14<132:32:21, 86.96s/it, 63 steps of size 1.96e-02. acc. prob=0.65]  warmup:   0%|          | 14/5500 [09:50<109:03:43, 71.57s/it, 63 steps of size 2.03e-02. acc. prob=0.66]warmup:   0%|          | 15/5500 [10:26<92:42:46, 60.85s/it, 63 steps of size 2.80e-02. acc. prob=0.67] warmup:   0%|          | 16/5500 [11:02<81:18:18, 53.37s/it, 63 steps of size 4.19e-02. acc. prob=0.69]warmup:   0%|          | 17/5500 [11:19<64:57:48, 42.65s/it, 31 steps of size 1.20e-02. acc. prob=0.67]warmup:   0%|          | 18/5500 [12:32<78:39:14, 51.65s/it, 127 steps of size 1.95e-02. acc. prob=0.69]warmup:   0%|          | 19/5500 [13:45<88:13:02, 57.94s/it, 127 steps of size 3.74e-02. acc. prob=0.70]warmup:   0%|          | 20/5500 [14:39<86:32:45, 56.86s/it, 95 steps of size 4.22e-02. acc. prob=0.71] warmup:   0%|          | 21/5500 [14:47<64:28:32, 42.36s/it, 15 steps of size 6.61e-03. acc. prob=0.68]warmup:   0%|          | 22/5500 [16:00<78:16:10, 51.44s/it, 127 steps of size 5.00e-03. acc. prob=0.68]warmup:   0%|          | 23/5500 [18:26<121:18:34, 79.74s/it, 255 steps of size 9.24e-03. acc. prob=0.70]warmup:   0%|          | 24/5500 [19:38<118:01:17, 77.59s/it, 127 steps of size 1.64e-02. acc. prob=0.71]warmup:   0%|          | 25/5500 [20:51<115:42:55, 76.09s/it, 127 steps of size 2.46e-02. acc. prob=0.72]warmup:   0%|          | 26/5500 [22:03<114:05:25, 75.03s/it, 127 steps of size 2.46e-02. acc. prob=0.72]warmup:   0%|          | 27/5500 [22:39<96:15:59, 63.32s/it, 63 steps of size 3.39e-02. acc. prob=0.73]  warmup:   1%|          | 28/5500 [22:57<75:27:01, 49.64s/it, 31 steps of size 1.07e-02. acc. prob=0.71]warmup:   1%|          | 29/5500 [24:10<85:53:51, 56.52s/it, 127 steps of size 1.84e-02. acc. prob=0.72]warmup:   1%|          | 30/5500 [26:36<126:34:22, 83.30s/it, 255 steps of size 2.90e-02. acc. prob=0.73]warmup:   1%|          | 31/5500 [27:12<105:00:00, 69.12s/it, 63 steps of size 5.10e-02. acc. prob=0.74] warmup:   1%|          | 32/5500 [27:20<77:23:42, 50.96s/it, 15 steps of size 9.34e-03. acc. prob=0.72] warmup:   1%|          | 33/5500 [28:33<87:14:13, 57.45s/it, 127 steps of size 1.54e-02. acc. prob=0.73]warmup:   1%|          | 34/5500 [29:45<94:06:55, 61.99s/it, 127 steps of size 2.13e-02. acc. prob=0.73]warmup:   1%|          | 35/5500 [30:58<98:55:12, 65.16s/it, 127 steps of size 2.89e-02. acc. prob=0.74]warmup:   1%|          | 36/5500 [32:10<102:16:21, 67.38s/it, 127 steps of size 2.38e-02. acc. prob=0.74]warmup:   1%|          | 37/5500 [34:36<137:54:50, 90.88s/it, 255 steps of size 4.12e-02. acc. prob=0.74]warmup:   1%|          | 38/5500 [34:54<104:35:19, 68.93s/it, 31 steps of size 6.57e-03. acc. prob=0.72] warmup:   1%|          | 39/5500 [37:20<139:32:27, 91.99s/it, 255 steps of size 1.09e-02. acc. prob=0.73]warmup:   1%|          | 40/5500 [40:59<197:16:16, 130.07s/it, 383 steps of size 1.60e-02. acc. prob=0.74]warmup:   1%|          | 41/5500 [42:11<171:04:47, 112.82s/it, 127 steps of size 1.86e-02. acc. prob=0.74]warmup:   1%|          | 42/5500 [44:00<169:22:42, 111.72s/it, 191 steps of size 2.23e-02. acc. prob=0.74]warmup:   1%|          | 43/5500 [44:36<134:54:54, 89.00s/it, 63 steps of size 3.69e-02. acc. prob=0.75]  warmup:   1%|          | 44/5500 [45:49<127:24:57, 84.07s/it, 127 steps of size 4.30e-02. acc. prob=0.75]warmup:   1%|          | 45/5500 [46:07<97:13:48, 64.17s/it, 31 steps of size 4.33e-02. acc. prob=0.75]  warmup:   1%|          | 46/5500 [46:22<75:03:37, 49.54s/it, 27 steps of size 1.23e-02. acc. prob=0.74]warmup:   1%|          | 47/5500 [47:35<85:30:56, 56.46s/it, 127 steps of size 1.14e-02. acc. prob=0.74]warmup:   1%|          | 48/5500 [48:11<76:12:43, 50.32s/it, 63 steps of size 1.93e-02. acc. prob=0.75] warmup:   1%|          | 49/5500 [50:00<102:56:23, 67.98s/it, 191 steps of size 3.12e-02. acc. prob=0.75]warmup:   1%|          | 50/5500 [51:12<105:00:58, 69.37s/it, 127 steps of size 3.68e-02. acc. prob=0.75]warmup:   1%|          | 51/5500 [51:30<81:32:38, 53.87s/it, 31 steps of size 6.00e-02. acc. prob=0.76]  warmup:   1%|          | 52/5500 [51:33<58:22:09, 38.57s/it, 5 steps of size 1.01e-02. acc. prob=0.74] warmup:   1%|          | 53/5500 [52:46<73:47:51, 48.77s/it, 127 steps of size 1.65e-02. acc. prob=0.75]warmup:   1%|          | 54/5500 [53:22<67:59:29, 44.94s/it, 63 steps of size 2.40e-02. acc. prob=0.75] warmup:   1%|          | 55/5500 [53:58<63:55:22, 42.26s/it, 63 steps of size 3.55e-02. acc. prob=0.76]warmup:   1%|          | 56/5500 [54:15<52:46:30, 34.90s/it, 31 steps of size 4.19e-02. acc. prob=0.76]warmup:   1%|          | 57/5500 [54:33<44:58:12, 29.74s/it, 31 steps of size 4.37e-02. acc. prob=0.76]warmup:   1%|          | 58/5500 [54:40<34:50:38, 23.05s/it, 13 steps of size 9.19e-03. acc. prob=0.75]warmup:   1%|          | 59/5500 [55:53<57:17:18, 37.90s/it, 127 steps of size 1.49e-02. acc. prob=0.75]warmup:   1%|          | 60/5500 [57:06<72:59:34, 48.30s/it, 127 steps of size 1.43e-02. acc. prob=0.75]warmup:   1%|          | 61/5500 [58:18<83:59:07, 55.59s/it, 127 steps of size 2.22e-02. acc. prob=0.75]warmup:   1%|          | 62/5500 [58:36<66:48:38, 44.23s/it, 31 steps of size 3.54e-02. acc. prob=0.76] warmup:   1%|          | 63/5500 [59:12<63:04:31, 41.76s/it, 63 steps of size 3.26e-02. acc. prob=0.76]warmup:   1%|          | 64/5500 [59:39<56:19:00, 37.30s/it, 47 steps of size 3.36e-02. acc. prob=0.76]warmup:   1%|          | 65/5500 [1:00:15<55:43:37, 36.91s/it, 63 steps of size 3.15e-02. acc. prob=0.76]warmup:   1%|          | 66/5500 [1:00:51<55:18:35, 36.64s/it, 63 steps of size 3.91e-02. acc. prob=0.76]warmup:   1%|          | 67/5500 [1:01:09<46:44:00, 30.97s/it, 31 steps of size 3.68e-02. acc. prob=0.76]warmup:   1%|          | 68/5500 [1:01:26<40:43:48, 26.99s/it, 31 steps of size 5.47e-02. acc. prob=0.76]warmup:   1%|▏         | 69/5500 [1:01:31<30:50:07, 20.44s/it, 9 steps of size 1.32e-02. acc. prob=0.75] warmup:   1%|▏         | 70/5500 [1:02:30<48:13:11, 31.97s/it, 103 steps of size 1.19e-02. acc. prob=0.75]warmup:   1%|▏         | 71/5500 [1:04:56<99:40:41, 66.10s/it, 255 steps of size 1.61e-02. acc. prob=0.76]warmup:   1%|▏         | 72/5500 [1:06:09<102:35:23, 68.04s/it, 127 steps of size 2.01e-02. acc. prob=0.76]warmup:   1%|▏         | 73/5500 [1:06:45<88:04:53, 58.43s/it, 63 steps of size 2.63e-02. acc. prob=0.76]  warmup:   1%|▏         | 74/5500 [1:07:21<77:55:14, 51.70s/it, 63 steps of size 4.07e-02. acc. prob=0.76]warmup:   1%|▏         | 75/5500 [1:07:57<70:48:25, 46.99s/it, 63 steps of size 1.69e-02. acc. prob=0.76]warmup:   1%|▏         | 76/5500 [1:09:09<82:21:02, 54.66s/it, 127 steps of size 1.96e-02. acc. prob=0.76]warmup:   1%|▏         | 77/5500 [1:09:45<73:54:13, 49.06s/it, 63 steps of size 2.99e-02. acc. prob=0.76] warmup:   1%|▏         | 78/5500 [1:10:39<76:14:59, 50.63s/it, 95 steps of size 4.10e-02. acc. prob=0.76]warmup:   1%|▏         | 79/5500 [1:11:15<69:38:06, 46.24s/it, 63 steps of size 5.48e-02. acc. prob=0.77]warmup:   1%|▏         | 80/5500 [1:11:22<51:34:43, 34.26s/it, 11 steps of size 1.30e-02. acc. prob=0.76]warmup:   1%|▏         | 81/5500 [1:12:34<68:52:58, 45.76s/it, 127 steps of size 1.75e-02. acc. prob=0.76]warmup:   1%|▏         | 82/5500 [1:13:10<64:28:10, 42.84s/it, 63 steps of size 2.54e-02. acc. prob=0.76] warmup:   2%|▏         | 83/5500 [1:13:46<61:22:41, 40.79s/it, 63 steps of size 3.39e-02. acc. prob=0.77]warmup:   2%|▏         | 84/5500 [1:14:22<59:12:36, 39.36s/it, 63 steps of size 5.07e-02. acc. prob=0.77]warmup:   2%|▏         | 85/5500 [1:14:33<46:20:29, 30.81s/it, 19 steps of size 1.16e-02. acc. prob=0.76]warmup:   2%|▏         | 86/5500 [1:15:46<65:10:56, 43.34s/it, 127 steps of size 1.70e-02. acc. prob=0.76]warmup:   2%|▏         | 87/5500 [1:16:58<78:21:14, 52.11s/it, 127 steps of size 2.33e-02. acc. prob=0.76]warmup:   2%|▏         | 88/5500 [1:17:34<71:04:30, 47.28s/it, 63 steps of size 3.29e-02. acc. prob=0.77] warmup:   2%|▏         | 89/5500 [1:18:10<65:58:33, 43.89s/it, 63 steps of size 3.67e-02. acc. prob=0.77]warmup:   2%|▏         | 90/5500 [1:18:46<62:24:14, 41.53s/it, 63 steps of size 3.99e-02. acc. prob=0.77]