1 sigma:
 [2.64456193e-02 1.54431076e+00 2.79032892e-03 5.73404265e-03
 5.38224132e-04 7.16822284e-02 3.73607162e-02 4.32782025e-03
 4.54436895e-03]
fisher_cov: [[ 6.99370783e-04 -4.75416613e-03  9.73720782e-06  2.84205958e-05
  -1.17632673e-06 -1.59486979e-03 -1.47164111e-04  9.64520021e-06
   7.37550177e-05]
 [-4.75416613e-03  2.38489573e+00 -4.28227492e-03 -7.91330110e-03
   8.00935404e-04  6.18239041e-02  3.51902204e-02  4.35153455e-03
  -2.88556507e-03]
 [ 9.73720782e-06 -4.28227492e-03  7.78593550e-06  1.42761570e-05
  -1.45187570e-06 -1.19034606e-04 -6.60563991e-05 -7.20412205e-06
   5.15759927e-06]
 [ 2.84205958e-05 -7.91330110e-03  1.42761570e-05  3.28792451e-05
  -2.34682811e-06 -2.44199238e-04 -1.81902513e-04 -1.39265724e-05
   1.08361910e-05]
 [-1.17632673e-06  8.00935404e-04 -1.45187570e-06 -2.34682811e-06
   2.89685216e-07  2.00947939e-05  8.49585951e-06  1.37252820e-06
  -9.06978446e-07]
 [-1.59486979e-03  6.18239041e-02 -1.19034606e-04 -2.44199238e-04
   2.00947939e-05  5.13834187e-03  1.35393296e-03  4.24193801e-05
  -2.10835758e-04]
 [-1.47164111e-04  3.51902204e-02 -6.60563991e-05 -1.81902513e-04
   8.49585951e-06  1.35393296e-03  1.39582312e-03  4.89805845e-05
  -4.56895369e-05]
 [ 9.64520021e-06  4.35153455e-03 -7.20412205e-06 -1.39265724e-05
   1.37252820e-06  4.24193801e-05  4.89805845e-05  1.87300281e-05
  -3.92538706e-06]
 [ 7.37550177e-05 -2.88556507e-03  5.15759927e-06  1.08361910e-05
  -9.06978446e-07 -2.10835758e-04 -4.56895369e-05 -3.92538706e-06
   2.06512891e-05]]
cholesky: [[ 2.64456383e-02  0.00000000e+00  0.00000000e+00  0.00000000e+00
   0.00000000e+00  0.00000000e+00  0.00000000e+00  0.00000000e+00
   0.00000000e+00]
 [-1.79771276e-01  1.53381160e+00  0.00000000e+00  0.00000000e+00
   0.00000000e+00  0.00000000e+00  0.00000000e+00  0.00000000e+00
   0.00000000e+00]
 [ 3.68197119e-04 -2.74876240e-03  3.09308318e-04  0.00000000e+00
   0.00000000e+00  0.00000000e+00  0.00000000e+00  0.00000000e+00
   0.00000000e+00]
 [ 1.07467990e-03 -5.03328083e-03  1.46034926e-04  2.52389899e-03
   0.00000000e+00  0.00000000e+00  0.00000000e+00  0.00000000e+00
   0.00000000e+00]
 [-4.44809354e-05  5.16972886e-04 -4.67569487e-05  1.22775327e-04
   6.46970198e-05  0.00000000e+00  0.00000000e+00  0.00000000e+00
   0.00000000e+00]
 [-6.03074795e-02  3.32389920e-02 -1.76635208e-02 -3.76692157e-03
  -2.08362220e-03  8.12336433e-03  0.00000000e+00  0.00000000e+00
   0.00000000e+00]
 [-5.56477821e-03  2.22907645e-02 -8.84375977e-03 -2.47375125e-02
  -1.00737084e-02  8.64994445e-04  8.69452451e-03  0.00000000e+00
   0.00000000e+00]
 [ 3.64717997e-04  2.87981938e-03  1.86716309e-03 -3.81389383e-05
  -1.24456558e-04  1.56338807e-04  1.14680440e-04  2.60073331e-03
   0.00000000e+00]
 [ 2.78892939e-03 -1.55442538e-03 -4.59161716e-04  3.25602666e-05
  -7.41159507e-05  1.08684857e-04  4.41285142e-05  1.38883758e-04
   3.19491666e-03]]
  0%|          | 0/5500 [00:00<?, ?it/s]warmup:   0%|          | 1/5500 [00:25<38:40:09, 25.32s/it, 1 steps of size 2.34e+00. acc. prob=0.00]warmup:   0%|          | 2/5500 [00:25<16:25:39, 10.76s/it, 1 steps of size 2.30e-01. acc. prob=0.00]warmup:   0%|          | 3/5500 [00:26<9:19:04,  6.10s/it, 1 steps of size 1.67e-02. acc. prob=0.00] warmup:   0%|          | 4/5500 [00:28<6:39:26,  4.36s/it, 3 steps of size 1.86e-02. acc. prob=0.25]warmup:   0%|          | 5/5500 [00:32<6:25:43,  4.21s/it, 7 steps of size 2.57e-02. acc. prob=0.40]warmup:   0%|          | 6/5500 [00:40<8:38:18,  5.66s/it, 15 steps of size 4.04e-02. acc. prob=0.50]warmup:   0%|          | 7/5500 [00:49<10:02:40,  6.58s/it, 15 steps of size 3.27e-02. acc. prob=0.54]warmup:   0%|          | 8/5500 [01:24<24:11:45, 15.86s/it, 63 steps of size 3.63e-02. acc. prob=0.58]warmup:   0%|          | 9/5500 [02:18<42:27:14, 27.83s/it, 95 steps of size 4.46e-02. acc. prob=0.61]warmup:   0%|          | 10/5500 [02:33<36:04:10, 23.65s/it, 25 steps of size 5.03e-03. acc. prob=0.56]warmup:   0%|          | 11/5500 [04:59<93:06:10, 61.06s/it, 255 steps of size 8.87e-03. acc. prob=0.60]warmup:   0%|          | 12/5500 [08:38<166:19:00, 109.10s/it, 383 steps of size 1.58e-02. acc. prob=0.63]warmup:   0%|          | 13/5500 [09:14<132:32:21, 86.96s/it, 63 steps of size 1.96e-02. acc. prob=0.65]  warmup:   0%|          | 14/5500 [09:50<109:03:43, 71.57s/it, 63 steps of size 2.03e-02. acc. prob=0.66]warmup:   0%|          | 15/5500 [10:26<92:42:46, 60.85s/it, 63 steps of size 2.80e-02. acc. prob=0.67] warmup:   0%|          | 16/5500 [11:02<81:18:18, 53.37s/it, 63 steps of size 4.19e-02. acc. prob=0.69]warmup:   0%|          | 17/5500 [11:19<64:57:48, 42.65s/it, 31 steps of size 1.20e-02. acc. prob=0.67]warmup:   0%|          | 18/5500 [12:32<78:39:14, 51.65s/it, 127 steps of size 1.95e-02. acc. prob=0.69]warmup:   0%|          | 19/5500 [13:45<88:13:02, 57.94s/it, 127 steps of size 3.74e-02. acc. prob=0.70]warmup:   0%|          | 20/5500 [14:39<86:32:45, 56.86s/it, 95 steps of size 4.22e-02. acc. prob=0.71] warmup:   0%|          | 21/5500 [14:47<64:28:32, 42.36s/it, 15 steps of size 6.61e-03. acc. prob=0.68]warmup:   0%|          | 22/5500 [16:00<78:16:10, 51.44s/it, 127 steps of size 5.00e-03. acc. prob=0.68]warmup:   0%|          | 23/5500 [18:26<121:18:34, 79.74s/it, 255 steps of size 9.24e-03. acc. prob=0.70]warmup:   0%|          | 24/5500 [19:38<118:01:17, 77.59s/it, 127 steps of size 1.64e-02. acc. prob=0.71]warmup:   0%|          | 25/5500 [20:51<115:42:55, 76.09s/it, 127 steps of size 2.46e-02. acc. prob=0.72]warmup:   0%|          | 26/5500 [22:03<114:05:25, 75.03s/it, 127 steps of size 2.46e-02. acc. prob=0.72]warmup:   0%|          | 27/5500 [22:39<96:15:59, 63.32s/it, 63 steps of size 3.39e-02. acc. prob=0.73]  warmup:   1%|          | 28/5500 [22:57<75:27:01, 49.64s/it, 31 steps of size 1.07e-02. acc. prob=0.71]warmup:   1%|          | 29/5500 [24:10<85:53:51, 56.52s/it, 127 steps of size 1.84e-02. acc. prob=0.72]warmup:   1%|          | 30/5500 [26:36<126:34:22, 83.30s/it, 255 steps of size 2.90e-02. acc. prob=0.73]warmup:   1%|          | 31/5500 [27:12<105:00:00, 69.12s/it, 63 steps of size 5.10e-02. acc. prob=0.74] warmup:   1%|          | 32/5500 [27:20<77:23:42, 50.96s/it, 15 steps of size 9.34e-03. acc. prob=0.72] warmup:   1%|          | 33/5500 [28:33<87:14:13, 57.45s/it, 127 steps of size 1.54e-02. acc. prob=0.73]warmup:   1%|          | 34/5500 [29:45<94:06:55, 61.99s/it, 127 steps of size 2.13e-02. acc. prob=0.73]warmup:   1%|          | 35/5500 [30:58<98:55:12, 65.16s/it, 127 steps of size 2.89e-02. acc. prob=0.74]warmup:   1%|          | 36/5500 [32:10<102:16:21, 67.38s/it, 127 steps of size 2.38e-02. acc. prob=0.74]warmup:   1%|          | 37/5500 [34:36<137:54:50, 90.88s/it, 255 steps of size 4.12e-02. acc. prob=0.74]warmup:   1%|          | 38/5500 [34:54<104:35:19, 68.93s/it, 31 steps of size 6.57e-03. acc. prob=0.72] warmup:   1%|          | 39/5500 [37:20<139:32:27, 91.99s/it, 255 steps of size 1.09e-02. acc. prob=0.73]warmup:   1%|          | 40/5500 [40:59<197:16:16, 130.07s/it, 383 steps of size 1.60e-02. acc. prob=0.74]warmup:   1%|          | 41/5500 [42:11<171:04:47, 112.82s/it, 127 steps of size 1.86e-02. acc. prob=0.74]warmup:   1%|          | 42/5500 [44:00<169:22:42, 111.72s/it, 191 steps of size 2.23e-02. acc. prob=0.74]warmup:   1%|          | 43/5500 [44:36<134:54:54, 89.00s/it, 63 steps of size 3.69e-02. acc. prob=0.75]  warmup:   1%|          | 44/5500 [45:49<127:24:57, 84.07s/it, 127 steps of size 4.30e-02. acc. prob=0.75]warmup:   1%|          | 45/5500 [46:07<97:13:48, 64.17s/it, 31 steps of size 4.33e-02. acc. prob=0.75]  warmup:   1%|          | 46/5500 [46:22<75:03:37, 49.54s/it, 27 steps of size 1.23e-02. acc. prob=0.74]warmup:   1%|          | 47/5500 [47:35<85:30:56, 56.46s/it, 127 steps of size 1.14e-02. acc. prob=0.74]warmup:   1%|          | 48/5500 [48:11<76:12:43, 50.32s/it, 63 steps of size 1.93e-02. acc. prob=0.75] warmup:   1%|          | 49/5500 [50:00<102:56:23, 67.98s/it, 191 steps of size 3.12e-02. acc. prob=0.75]warmup:   1%|          | 50/5500 [51:12<105:00:58, 69.37s/it, 127 steps of size 3.68e-02. acc. prob=0.75]warmup:   1%|          | 51/5500 [51:30<81:32:38, 53.87s/it, 31 steps of size 6.00e-02. acc. prob=0.76]  warmup:   1%|          | 52/5500 [51:33<58:22:09, 38.57s/it, 5 steps of size 1.01e-02. acc. prob=0.74] warmup:   1%|          | 53/5500 [52:46<73:47:51, 48.77s/it, 127 steps of size 1.65e-02. acc. prob=0.75]warmup:   1%|          | 54/5500 [53:22<67:59:29, 44.94s/it, 63 steps of size 2.40e-02. acc. prob=0.75] warmup:   1%|          | 55/5500 [53:58<63:55:22, 42.26s/it, 63 steps of size 3.55e-02. acc. prob=0.76]warmup:   1%|          | 56/5500 [54:15<52:46:30, 34.90s/it, 31 steps of size 4.19e-02. acc. prob=0.76]warmup:   1%|          | 57/5500 [54:33<44:58:12, 29.74s/it, 31 steps of size 4.37e-02. acc. prob=0.76]warmup:   1%|          | 58/5500 [54:40<34:50:38, 23.05s/it, 13 steps of size 9.19e-03. acc. prob=0.75]warmup:   1%|          | 59/5500 [55:53<57:17:18, 37.90s/it, 127 steps of size 1.49e-02. acc. prob=0.75]warmup:   1%|          | 60/5500 [57:06<72:59:34, 48.30s/it, 127 steps of size 1.43e-02. acc. prob=0.75]warmup:   1%|          | 61/5500 [58:18<83:59:07, 55.59s/it, 127 steps of size 2.22e-02. acc. prob=0.75]warmup:   1%|          | 62/5500 [58:36<66:48:38, 44.23s/it, 31 steps of size 3.54e-02. acc. prob=0.76] warmup:   1%|          | 63/5500 [59:12<63:04:31, 41.76s/it, 63 steps of size 3.26e-02. acc. prob=0.76]warmup:   1%|          | 64/5500 [59:39<56:19:00, 37.30s/it, 47 steps of size 3.36e-02. acc. prob=0.76]warmup:   1%|          | 65/5500 [1:00:15<55:43:37, 36.91s/it, 63 steps of size 3.15e-02. acc. prob=0.76]warmup:   1%|          | 66/5500 [1:00:51<55:18:35, 36.64s/it, 63 steps of size 3.91e-02. acc. prob=0.76]warmup:   1%|          | 67/5500 [1:01:09<46:44:00, 30.97s/it, 31 steps of size 3.68e-02. acc. prob=0.76]warmup:   1%|          | 68/5500 [1:01:26<40:43:48, 26.99s/it, 31 steps of size 5.47e-02. acc. prob=0.76]warmup:   1%|▏         | 69/5500 [1:01:31<30:50:07, 20.44s/it, 9 steps of size 1.32e-02. acc. prob=0.75] warmup:   1%|▏         | 70/5500 [1:02:30<48:13:11, 31.97s/it, 103 steps of size 1.19e-02. acc. prob=0.75]warmup:   1%|▏         | 71/5500 [1:04:56<99:40:41, 66.10s/it, 255 steps of size 1.61e-02. acc. prob=0.76]warmup:   1%|▏         | 72/5500 [1:06:09<102:35:23, 68.04s/it, 127 steps of size 2.01e-02. acc. prob=0.76]warmup:   1%|▏         | 73/5500 [1:06:45<88:04:53, 58.43s/it, 63 steps of size 2.63e-02. acc. prob=0.76]  warmup:   1%|▏         | 74/5500 [1:07:21<77:55:14, 51.70s/it, 63 steps of size 4.07e-02. acc. prob=0.76]warmup:   1%|▏         | 75/5500 [1:07:57<70:48:25, 46.99s/it, 63 steps of size 1.69e-02. acc. prob=0.76]warmup:   1%|▏         | 76/5500 [1:09:09<82:21:02, 54.66s/it, 127 steps of size 1.96e-02. acc. prob=0.76]warmup:   1%|▏         | 77/5500 [1:09:45<73:54:13, 49.06s/it, 63 steps of size 2.99e-02. acc. prob=0.76] warmup:   1%|▏         | 78/5500 [1:10:39<76:14:59, 50.63s/it, 95 steps of size 4.10e-02. acc. prob=0.76]warmup:   1%|▏         | 79/5500 [1:11:15<69:38:06, 46.24s/it, 63 steps of size 5.48e-02. acc. prob=0.77]warmup:   1%|▏         | 80/5500 [1:11:22<51:34:43, 34.26s/it, 11 steps of size 1.30e-02. acc. prob=0.76]warmup:   1%|▏         | 81/5500 [1:12:34<68:52:58, 45.76s/it, 127 steps of size 1.75e-02. acc. prob=0.76]warmup:   1%|▏         | 82/5500 [1:13:10<64:28:10, 42.84s/it, 63 steps of size 2.54e-02. acc. prob=0.76] warmup:   2%|▏         | 83/5500 [1:13:46<61:22:41, 40.79s/it, 63 steps of size 3.39e-02. acc. prob=0.77]warmup:   2%|▏         | 84/5500 [1:14:22<59:12:36, 39.36s/it, 63 steps of size 5.07e-02. acc. prob=0.77]warmup:   2%|▏         | 85/5500 [1:14:33<46:20:29, 30.81s/it, 19 steps of size 1.16e-02. acc. prob=0.76]warmup:   2%|▏         | 86/5500 [1:15:46<65:10:56, 43.34s/it, 127 steps of size 1.70e-02. acc. prob=0.76]warmup:   2%|▏         | 87/5500 [1:16:58<78:21:14, 52.11s/it, 127 steps of size 2.33e-02. acc. prob=0.76]warmup:   2%|▏         | 88/5500 [1:17:34<71:04:30, 47.28s/it, 63 steps of size 3.29e-02. acc. prob=0.77] warmup:   2%|▏         | 89/5500 [1:18:10<65:58:33, 43.89s/it, 63 steps of size 3.67e-02. acc. prob=0.77]warmup:   2%|▏         | 90/5500 [1:18:46<62:24:14, 41.53s/it, 63 steps of size 3.99e-02. acc. prob=0.77]warmup:   2%|▏         | 91/5500 [1:19:04<51:39:31, 34.38s/it, 31 steps of size 1.50e-02. acc. prob=0.76]warmup:   2%|▏         | 92/5500 [1:21:30<101:48:18, 67.77s/it, 255 steps of size 1.39e-02. acc. prob=0.76]warmup:   2%|▏         | 93/5500 [1:22:06<87:28:30, 58.24s/it, 63 steps of size 2.04e-02. acc. prob=0.76]  warmup:   2%|▏         | 94/5500 [1:22:42<77:26:24, 51.57s/it, 63 steps of size 2.42e-02. acc. prob=0.77]warmup:   2%|▏         | 95/5500 [1:23:18<70:25:03, 46.90s/it, 63 steps of size 2.78e-02. acc. prob=0.77]warmup:   2%|▏         | 96/5500 [1:23:54<65:30:02, 43.63s/it, 63 steps of size 3.02e-02. acc. prob=0.77]warmup:   2%|▏         | 97/5500 [1:24:30<62:03:39, 41.35s/it, 63 steps of size 3.97e-02. acc. prob=0.77]warmup:   2%|▏         | 98/5500 [1:24:48<51:24:41, 34.26s/it, 31 steps of size 2.34e-02. acc. prob=0.77]warmup:   2%|▏         | 99/5500 [1:25:24<52:11:33, 34.79s/it, 63 steps of size 2.77e-02. acc. prob=0.77]warmup:   2%|▏         | 100/5500 [1:26:00<52:43:52, 35.15s/it, 63 steps of size 3.46e-02. acc. prob=0.77]warmup:   2%|▏         | 101/5500 [1:27:12<69:33:27, 46.38s/it, 127 steps of size 4.89e-01. acc. prob=0.77]warmup:   2%|▏         | 102/5500 [1:27:16<50:28:55, 33.67s/it, 7 steps of size 1.18e-01. acc. prob=0.76]  warmup:   2%|▏         | 103/5500 [1:27:34<43:17:55, 28.88s/it, 31 steps of size 1.26e-01. acc. prob=0.77]warmup:   2%|▏         | 104/5500 [1:28:10<46:29:28, 31.02s/it, 63 steps of size 2.03e-01. acc. prob=0.77]warmup:   2%|▏         | 105/5500 [1:28:18<36:23:36, 24.28s/it, 15 steps of size 3.54e-01. acc. prob=0.77]warmup:   2%|▏         | 106/5500 [1:28:27<29:19:26, 19.57s/it, 15 steps of size 4.05e-01. acc. prob=0.77]warmup:   2%|▏         | 107/5500 [1:28:36<24:22:31, 16.27s/it, 15 steps of size 4.94e-01. acc. prob=0.77]warmup:   2%|▏         | 108/5500 [1:28:40<18:51:29, 12.59s/it, 7 steps of size 1.10e-01. acc. prob=0.77] warmup:   2%|▏         | 109/5500 [1:28:57<21:09:25, 14.13s/it, 31 steps of size 2.05e-01. acc. prob=0.77]warmup:   2%|▏         | 110/5500 [1:29:06<18:39:27, 12.46s/it, 15 steps of size 2.91e-01. acc. prob=0.77]warmup:   2%|▏         | 111/5500 [1:29:14<16:54:26, 11.29s/it, 15 steps of size 4.56e-01. acc. prob=0.77]warmup:   2%|▏         | 112/5500 [1:29:23<15:40:54, 10.48s/it, 15 steps of size 1.66e-01. acc. prob=0.77]warmup:   2%|▏         | 113/5500 [1:29:41<18:55:37, 12.65s/it, 31 steps of size 2.86e-01. acc. prob=0.77]warmup:   2%|▏         | 114/5500 [1:29:49<17:05:40, 11.43s/it, 15 steps of size 3.62e-01. acc. prob=0.77]warmup:   2%|▏         | 115/5500 [1:29:58<15:48:38, 10.57s/it, 15 steps of size 2.51e-01. acc. prob=0.77]warmup:   2%|▏         | 116/5500 [1:30:06<14:54:36,  9.97s/it, 15 steps of size 4.61e-01. acc. prob=0.77]warmup:   2%|▏         | 117/5500 [1:30:10<12:13:51,  8.18s/it, 7 steps of size 6.74e-01. acc. prob=0.78] warmup:   2%|▏         | 118/5500 [1:30:11<8:49:01,  5.90s/it, 1 steps of size 5.94e-02. acc. prob=0.77] warmup:   2%|▏         | 119/5500 [1:30:47<22:18:35, 14.93s/it, 63 steps of size 1.09e-01. acc. prob=0.77]warmup:   2%|▏         | 120/5500 [1:31:23<31:44:59, 21.25s/it, 63 steps of size 1.64e-01. acc. prob=0.77]warmup:   2%|▏         | 121/5500 [1:31:41<30:09:43, 20.19s/it, 31 steps of size 2.97e-01. acc. prob=0.77]warmup:   2%|▏         | 122/5500 [1:31:54<27:00:09, 18.08s/it, 23 steps of size 3.71e-01. acc. prob=0.77]warmup:   2%|▏         | 123/5500 [1:31:58<20:41:24, 13.85s/it, 7 steps of size 4.64e-01. acc. prob=0.78] warmup:   2%|▏         | 124/5500 [1:32:02<16:16:22, 10.90s/it, 7 steps of size 1.07e-01. acc. prob=0.77]warmup:   2%|▏         | 125/5500 [1:32:20<19:19:28, 12.94s/it, 31 steps of size 1.58e-01. acc. prob=0.77]warmup:   2%|▏         | 126/5500 [1:32:37<21:27:38, 14.38s/it, 31 steps of size 2.70e-01. acc. prob=0.77]warmup:   2%|▏         | 127/5500 [1:32:46<18:51:30, 12.64s/it, 15 steps of size 3.19e-01. acc. prob=0.78]warmup:   2%|▏         | 128/5500 [1:32:54<17:02:15, 11.42s/it, 15 steps of size 3.57e-01. acc. prob=0.78]warmup:   2%|▏         | 129/5500 [1:33:03<15:45:46, 10.57s/it, 15 steps of size 4.49e-01. acc. prob=0.78]warmup:   2%|▏         | 130/5500 [1:33:12<14:52:11,  9.97s/it, 15 steps of size 2.13e-01. acc. prob=0.77]warmup:   2%|▏         | 131/5500 [1:33:29<18:20:04, 12.29s/it, 31 steps of size 2.34e-01. acc. prob=0.78]warmup:   2%|▏         | 132/5500 [1:33:47<20:45:37, 13.92s/it, 31 steps of size 3.54e-01. acc. prob=0.78]warmup:   2%|▏         | 133/5500 [1:33:51<16:19:15, 10.95s/it, 7 steps of size 3.49e-01. acc. prob=0.78] warmup:   2%|▏         | 134/5500 [1:33:55<13:12:44,  8.86s/it, 7 steps of size 2.98e-01. acc. prob=0.78]warmup:   2%|▏         | 135/5500 [1:34:08<15:07:33, 10.15s/it, 23 steps of size 2.17e-01. acc. prob=0.78]warmup:   2%|▏         | 136/5500 [1:34:17<14:25:10,  9.68s/it, 15 steps of size 2.39e-01. acc. prob=0.78]warmup:   2%|▏         | 137/5500 [1:34:35<18:00:49, 12.09s/it, 31 steps of size 3.09e-01. acc. prob=0.78]warmup:   3%|▎         | 138/5500 [1:34:39<14:23:48,  9.67s/it, 7 steps of size 3.26e-01. acc. prob=0.78] warmup:   3%|▎         | 139/5500 [1:34:47<13:54:29,  9.34s/it, 15 steps of size 3.13e-01. acc. prob=0.78]warmup:   3%|▎         | 140/5500 [1:34:51<11:31:21,  7.74s/it, 7 steps of size 2.87e-01. acc. prob=0.78] warmup:   3%|▎         | 141/5500 [1:35:00<11:53:36,  7.99s/it, 15 steps of size 2.66e-01. acc. prob=0.78]warmup:   3%|▎         | 142/5500 [1:35:08<12:09:08,  8.17s/it, 15 steps of size 1.47e-01. acc. prob=0.78]warmup:   3%|▎         | 143/5500 [1:35:26<16:25:04, 11.03s/it, 31 steps of size 1.84e-01. acc. prob=0.78]warmup:   3%|▎         | 144/5500 [1:35:44<19:24:03, 13.04s/it, 31 steps of size 2.12e-01. acc. prob=0.78]warmup:   3%|▎         | 145/5500 [1:35:52<17:24:18, 11.70s/it, 15 steps of size 2.25e-01. acc. prob=0.78]warmup:   3%|▎         | 146/5500 [1:36:01<16:00:26, 10.76s/it, 15 steps of size 1.48e-01. acc. prob=0.78]warmup:   3%|▎         | 147/5500 [1:36:37<27:15:57, 18.34s/it, 63 steps of size 2.22e-01. acc. prob=0.78]warmup:   3%|▎         | 148/5500 [1:36:45<22:54:25, 15.41s/it, 15 steps of size 2.95e-01. acc. prob=0.78]warmup:   3%|▎         | 149/5500 [1:36:54<19:51:24, 13.36s/it, 15 steps of size 2.74e-01. acc. prob=0.78]warmup:   3%|▎         | 150/5500 [1:37:03<17:43:05, 11.92s/it, 15 steps of size 2.81e-01. acc. prob=0.78]warmup:   3%|▎         | 151/5500 [1:37:07<14:11:04,  9.55s/it, 7 steps of size 2.25e+00. acc. prob=0.78] warmup:   3%|▎         | 152/5500 [1:37:07<10:10:57,  6.85s/it, 1 steps of size 3.20e-01. acc. prob=0.77]warmup:   3%|▎         | 153/5500 [1:37:16<10:56:46,  7.37s/it, 15 steps of size 1.83e-01. acc. prob=0.77]warmup:   3%|▎         | 154/5500 [1:37:33<15:33:15, 10.47s/it, 31 steps of size 1.49e-01. acc. prob=0.77]warmup:   3%|▎         | 155/5500 [1:37:42<14:42:19,  9.90s/it, 15 steps of size 2.14e-01. acc. prob=0.77]warmup:   3%|▎         | 156/5500 [1:38:00<18:10:54, 12.25s/it, 31 steps of size 2.75e-01. acc. prob=0.77]warmup:   3%|▎         | 157/5500 [1:38:17<20:36:57, 13.89s/it, 31 steps of size 9.78e-02. acc. prob=0.77]warmup:   3%|▎         | 158/5500 [1:38:35<22:18:56, 15.04s/it, 31 steps of size 1.10e-01. acc. prob=0.77]warmup:   3%|▎         | 159/5500 [1:38:53<23:30:16, 15.84s/it, 31 steps of size 1.38e-01. acc. prob=0.77]warmup:   3%|▎         | 160/5500 [1:39:11<24:20:02, 16.41s/it, 31 steps of size 1.25e-01. acc. prob=0.77]warmup:   3%|▎         | 161/5500 [1:39:28<24:54:44, 16.80s/it, 31 steps of size 2.26e-01. acc. prob=0.78]warmup:   3%|▎         | 162/5500 [1:39:37<21:14:57, 14.33s/it, 15 steps of size 3.42e-01. acc. prob=0.78]warmup:   3%|▎         | 163/5500 [1:39:46<18:41:05, 12.60s/it, 15 steps of size 6.31e-01. acc. prob=0.78]warmup:   3%|▎         | 164/5500 [1:39:47<13:50:25,  9.34s/it, 3 steps of size 6.98e-02. acc. prob=0.77] warmup:   3%|▎         | 165/5500 [1:40:05<17:33:38, 11.85s/it, 31 steps of size 8.05e-02. acc. prob=0.77]warmup:   3%|▎         | 166/5500 [1:40:41<28:17:24, 19.09s/it, 63 steps of size 1.27e-01. acc. prob=0.77]warmup:   3%|▎         | 167/5500 [1:40:59<27:40:12, 18.68s/it, 31 steps of size 2.01e-01. acc. prob=0.78]warmup:   3%|▎         | 168/5500 [1:41:07<23:10:30, 15.65s/it, 15 steps of size 3.02e-01. acc. prob=0.78]warmup:   3%|▎         | 169/5500 [1:41:16<20:01:36, 13.52s/it, 15 steps of size 4.84e-01. acc. prob=0.78]warmup:   3%|▎         | 170/5500 [1:41:24<17:49:27, 12.04s/it, 15 steps of size 1.56e-01. acc. prob=0.78]warmup:   3%|▎         | 171/5500 [1:41:42<20:20:20, 13.74s/it, 31 steps of size 2.54e-01. acc. prob=0.78]warmup:   3%|▎         | 172/5500 [1:41:51<18:02:26, 12.19s/it, 15 steps of size 2.23e-01. acc. prob=0.78]warmup:   3%|▎         | 173/5500 [1:41:59<16:25:50, 11.10s/it, 15 steps of size 1.88e-01. acc. prob=0.78]warmup:   3%|▎         | 174/5500 [1:42:17<19:21:37, 13.09s/it, 31 steps of size 1.77e-01. acc. prob=0.78]warmup:   3%|▎         | 175/5500 [1:42:35<21:24:35, 14.47s/it, 31 steps of size 2.80e-01. acc. prob=0.78]warmup:   3%|▎         | 176/5500 [1:42:39<16:45:33, 11.33s/it, 7 steps of size 5.03e-01. acc. prob=0.78] warmup:   3%|▎         | 177/5500 [1:42:43<13:30:11,  9.13s/it, 7 steps of size 1.62e-01. acc. prob=0.78]warmup:   3%|▎         | 178/5500 [1:42:51<13:14:59,  8.96s/it, 15 steps of size 2.61e-01. acc. prob=0.78]warmup:   3%|▎         | 179/5500 [1:43:04<15:05:57, 10.22s/it, 23 steps of size 6.76e-02. acc. prob=0.77]warmup:   3%|▎         | 180/5500 [1:43:13<14:22:05,  9.72s/it, 15 steps of size 1.19e-01. acc. prob=0.78]warmup:   3%|▎         | 181/5500 [1:43:31<17:54:13, 12.12s/it, 31 steps of size 1.75e-01. acc. prob=0.78]warmup:   3%|▎         | 182/5500 [1:43:39<16:19:42, 11.05s/it, 15 steps of size 2.67e-01. acc. prob=0.78]warmup:   3%|▎         | 183/5500 [1:43:48<15:13:31, 10.31s/it, 15 steps of size 4.40e-01. acc. prob=0.78]warmup:   3%|▎         | 184/5500 [1:43:52<12:25:38,  8.42s/it, 7 steps of size 1.59e-01. acc. prob=0.78] warmup:   3%|▎         | 185/5500 [1:44:00<12:29:31,  8.46s/it, 15 steps of size 2.55e-01. acc. prob=0.78]warmup:   3%|▎         | 186/5500 [1:44:09<12:32:12,  8.49s/it, 15 steps of size 1.63e-01. acc. prob=0.78]warmup:   3%|▎         | 187/5500 [1:44:17<12:34:03,  8.52s/it, 15 steps of size 1.48e-01. acc. prob=0.78]warmup:   3%|▎         | 188/5500 [1:44:35<16:38:00, 11.27s/it, 31 steps of size 2.17e-01. acc. prob=0.78]warmup:   3%|▎         | 189/5500 [1:44:44<15:26:01, 10.46s/it, 15 steps of size 2.27e-01. acc. prob=0.78]warmup:   3%|▎         | 190/5500 [1:44:52<14:35:37,  9.89s/it, 15 steps of size 3.18e-01. acc. prob=0.78]warmup:   3%|▎         | 191/5500 [1:45:01<14:00:21,  9.50s/it, 15 steps of size 5.18e-02. acc. prob=0.77]warmup:   3%|▎         | 192/5500 [1:46:13<41:53:13, 28.41s/it, 127 steps of size 7.02e-02. acc. prob=0.78]warmup:   4%|▎         | 193/5500 [1:46:49<45:13:55, 30.68s/it, 63 steps of size 1.13e-01. acc. prob=0.78] warmup:   4%|▎         | 194/5500 [1:47:07<39:29:11, 26.79s/it, 31 steps of size 1.44e-01. acc. prob=0.78]warmup:   4%|▎         | 195/5500 [1:47:25<35:27:47, 24.07s/it, 31 steps of size 1.63e-01. acc. prob=0.78]warmup:   4%|▎         | 196/5500 [1:47:43<32:38:40, 22.16s/it, 31 steps of size 2.21e-01. acc. prob=0.78]warmup:   4%|▎         | 197/5500 [1:47:51<26:38:02, 18.08s/it, 15 steps of size 3.55e-01. acc. prob=0.78]warmup:   4%|▎         | 198/5500 [1:48:00<22:25:32, 15.23s/it, 15 steps of size 4.17e-01. acc. prob=0.78]warmup:   4%|▎         | 199/5500 [1:48:04<17:27:44, 11.86s/it, 7 steps of size 2.94e-01. acc. prob=0.78] warmup:   4%|▎         | 200/5500 [1:48:12<16:00:22, 10.87s/it, 15 steps of size 1.94e-01. acc. prob=0.78]warmup:   4%|▎         | 201/5500 [1:48:21<14:59:08, 10.18s/it, 15 steps of size 2.30e-01. acc. prob=0.78]warmup:   4%|▎         | 202/5500 [1:48:29<14:16:16,  9.70s/it, 15 steps of size 3.73e-01. acc. prob=0.78]warmup:   4%|▎         | 203/5500 [1:48:33<11:45:15,  7.99s/it, 7 steps of size 7.19e-02. acc. prob=0.78] warmup:   4%|▎         | 204/5500 [1:49:09<24:06:39, 16.39s/it, 63 steps of size 8.83e-02. acc. prob=0.78]warmup:   4%|▎         | 205/5500 [1:50:04<40:49:28, 27.76s/it, 95 steps of size 9.34e-02. acc. prob=0.78]warmup:   4%|▎         | 206/5500 [1:50:40<44:27:23, 30.23s/it, 63 steps of size 9.18e-02. acc. prob=0.78]warmup:   4%|▍         | 207/5500 [1:50:57<38:55:42, 26.48s/it, 31 steps of size 1.47e-01. acc. prob=0.78]warmup:   4%|▍         | 208/5500 [1:51:01<29:00:33, 19.73s/it, 7 steps of size 2.34e-01. acc. prob=0.78] warmup:   4%|▍         | 209/5500 [1:51:19<28:06:57, 19.13s/it, 31 steps of size 3.30e-01. acc. prob=0.78]warmup:   4%|▍         | 210/5500 [1:51:28<23:27:29, 15.96s/it, 15 steps of size 4.25e-01. acc. prob=0.78]warmup:   4%|▍         | 211/5500 [1:51:32<18:10:52, 12.38s/it, 7 steps of size 1.93e-01. acc. prob=0.78] warmup:   4%|▍         | 212/5500 [1:51:49<20:31:54, 13.98s/it, 31 steps of size 3.04e-01. acc. prob=0.78]warmup:   4%|▍         | 213/5500 [1:51:58<18:08:50, 12.36s/it, 15 steps of size 3.44e-01. acc. prob=0.78]warmup:   4%|▍         | 214/5500 [1:52:16<20:30:16, 13.96s/it, 31 steps of size 4.48e-01. acc. prob=0.78]warmup:   4%|▍         | 215/5500 [1:52:33<22:09:07, 15.09s/it, 31 steps of size 8.12e-02. acc. prob=0.78]warmup:   4%|▍         | 216/5500 [1:52:51<23:18:12, 15.88s/it, 31 steps of size 1.27e-01. acc. prob=0.78]warmup:   4%|▍         | 217/5500 [1:53:00<20:04:58, 13.69s/it, 15 steps of size 1.82e-01. acc. prob=0.78]warmup:   4%|▍         | 218/5500 [1:53:08<17:49:41, 12.15s/it, 15 steps of size 2.44e-01. acc. prob=0.78]warmup:   4%|▍         | 219/5500 [1:53:17<16:14:59, 11.08s/it, 15 steps of size 1.39e-01. acc. prob=0.78]warmup:   4%|▍         | 220/5500 [1:53:35<19:10:02, 13.07s/it, 31 steps of size 2.12e-01. acc. prob=0.78]warmup:   4%|▍         | 221/5500 [1:53:52<21:12:28, 14.46s/it, 31 steps of size 2.35e-01. acc. prob=0.78]warmup:   4%|▍         | 222/5500 [1:54:01<18:36:48, 12.70s/it, 15 steps of size 1.97e-01. acc. prob=0.78]warmup:   4%|▍         | 223/5500 [1:54:09<16:47:43, 11.46s/it, 15 steps of size 2.24e-01. acc. prob=0.78]warmup:   4%|▍         | 224/5500 [1:54:18<15:31:22, 10.59s/it, 15 steps of size 2.63e-01. acc. prob=0.78]warmup:   4%|▍         | 225/5500 [1:54:27<14:37:55,  9.99s/it, 15 steps of size 3.19e-01. acc. prob=0.78]warmup:   4%|▍         | 226/5500 [1:54:31<11:59:55,  8.19s/it, 7 steps of size 4.00e-01. acc. prob=0.78] warmup:   4%|▍         | 227/5500 [1:54:35<10:09:19,  6.93s/it, 7 steps of size 5.91e-01. acc. prob=0.78]warmup:   4%|▍         | 228/5500 [1:54:37<8:21:49,  5.71s/it, 5 steps of size 1.48e-01. acc. prob=0.78] warmup:   4%|▍         | 229/5500 [1:54:55<13:38:01,  9.31s/it, 31 steps of size 1.57e-01. acc. prob=0.78]warmup:   4%|▍         | 230/5500 [1:55:13<17:19:13, 11.83s/it, 31 steps of size 1.47e-01. acc. prob=0.78]warmup:   4%|▍         | 231/5500 [1:55:31<19:53:48, 13.59s/it, 31 steps of size 2.21e-01. acc. prob=0.78]warmup:   4%|▍         | 232/5500 [1:55:48<21:41:58, 14.83s/it, 31 steps of size 2.18e-01. acc. prob=0.78]warmup:   4%|▍         | 233/5500 [1:56:06<22:57:39, 15.69s/it, 31 steps of size 2.30e-01. acc. prob=0.78]warmup:   4%|▍         | 234/5500 [1:56:15<19:49:49, 13.56s/it, 15 steps of size 2.62e-01. acc. prob=0.78]warmup:   4%|▍         | 235/5500 [1:56:23<17:38:21, 12.06s/it, 15 steps of size 2.97e-01. acc. prob=0.78]warmup:   4%|▍         | 236/5500 [1:56:32<16:06:14, 11.01s/it, 15 steps of size 4.25e-01. acc. prob=0.78]warmup:   4%|▍         | 237/5500 [1:56:36<13:01:32,  8.91s/it, 7 steps of size 1.70e-01. acc. prob=0.78] warmup:   4%|▍         | 238/5500 [1:56:40<10:52:11,  7.44s/it, 7 steps of size 8.41e-02. acc. prob=0.78]warmup:   4%|▍         | 239/5500 [1:57:16<23:23:07, 16.00s/it, 63 steps of size 1.08e-01. acc. prob=0.78]warmup:   4%|▍         | 240/5500 [1:57:52<32:08:25, 22.00s/it, 63 steps of size 1.45e-01. acc. prob=0.78]warmup:   4%|▍         | 241/5500 [1:58:09<30:15:23, 20.71s/it, 31 steps of size 1.67e-01. acc. prob=0.78]warmup:   4%|▍         | 242/5500 [1:58:27<28:56:11, 19.81s/it, 31 steps of size 2.22e-01. acc. prob=0.78]warmup:   4%|▍         | 243/5500 [1:58:36<24:00:23, 16.44s/it, 15 steps of size 3.09e-01. acc. prob=0.78]warmup:   4%|▍         | 244/5500 [1:58:40<18:33:11, 12.71s/it, 7 steps of size 4.47e-01. acc. prob=0.78] warmup:   4%|▍         | 245/5500 [1:58:44<14:44:14, 10.10s/it, 7 steps of size 2.38e-01. acc. prob=0.78]warmup:   4%|▍         | 246/5500 [1:58:52<14:04:01,  9.64s/it, 15 steps of size 2.76e-01. acc. prob=0.78]warmup:   4%|▍         | 247/5500 [1:59:01<13:35:51,  9.32s/it, 15 steps of size 2.69e-01. acc. prob=0.78]warmup:   5%|▍         | 248/5500 [1:59:05<11:16:01,  7.72s/it, 7 steps of size 2.70e-01. acc. prob=0.78] warmup:   5%|▍         | 249/5500 [1:59:13<11:38:12,  7.98s/it, 15 steps of size 3.18e-01. acc. prob=0.78]warmup:   5%|▍         | 250/5500 [1:59:22<11:53:46,  8.16s/it, 15 steps of size 3.78e-01. acc. prob=0.78]warmup:   5%|▍         | 251/5500 [1:59:26<10:04:37,  6.91s/it, 7 steps of size 4.63e+00. acc. prob=0.78] warmup:   5%|▍         | 252/5500 [1:59:27<7:33:13,  5.18s/it, 2 steps of size 7.47e-01. acc. prob=0.78] warmup:   5%|▍         | 253/5500 [1:59:31<7:02:09,  4.83s/it, 7 steps of size 7.25e-02. acc. prob=0.78]warmup:   5%|▍         | 254/5500 [2:00:07<20:39:48, 14.18s/it, 63 steps of size 8.47e-02. acc. prob=0.78]warmup:   5%|▍         | 255/5500 [2:00:43<30:12:04, 20.73s/it, 63 steps of size 9.39e-02. acc. prob=0.78]warmup:   5%|▍         | 256/5500 [2:00:52<24:53:05, 17.08s/it, 15 steps of size 9.38e-02. acc. prob=0.78]warmup:   5%|▍         | 257/5500 [2:01:09<25:09:29, 17.27s/it, 31 steps of size 1.35e-01. acc. prob=0.78]warmup:   5%|▍         | 258/5500 [2:01:18<21:21:12, 14.66s/it, 15 steps of size 2.17e-01. acc. prob=0.78]warmup:   5%|▍         | 259/5500 [2:01:22<16:41:35, 11.47s/it, 7 steps of size 3.06e-01. acc. prob=0.78] warmup:   5%|▍         | 260/5500 [2:01:26<13:25:46,  9.23s/it, 7 steps of size 3.29e-01. acc. prob=0.78]warmup:   5%|▍         | 261/5500 [2:01:30<11:08:45,  7.66s/it, 7 steps of size 7.24e-02. acc. prob=0.78]warmup:   5%|▍         | 262/5500 [2:02:06<23:30:59, 16.16s/it, 63 steps of size 7.24e-02. acc. prob=0.78]warmup:   5%|▍         | 263/5500 [2:03:00<40:09:16, 27.60s/it, 95 steps of size 1.19e-01. acc. prob=0.78]warmup:   5%|▍         | 264/5500 [2:03:18<35:49:54, 24.64s/it, 31 steps of size 2.20e-01. acc. prob=0.78]warmup:   5%|▍         | 265/5500 [2:03:27<28:49:03, 19.82s/it, 15 steps of size 2.84e-01. acc. prob=0.78]warmup:   5%|▍         | 266/5500 [2:03:44<27:53:46, 19.19s/it, 31 steps of size 1.08e-01. acc. prob=0.78]warmup:   5%|▍         | 267/5500 [2:03:53<23:15:41, 16.00s/it, 15 steps of size 6.22e-02. acc. prob=0.78]warmup:   5%|▍         | 268/5500 [2:04:29<31:58:26, 22.00s/it, 63 steps of size 9.89e-02. acc. prob=0.78]warmup:   5%|▍         | 269/5500 [2:04:47<30:06:00, 20.72s/it, 31 steps of size 1.57e-01. acc. prob=0.78]warmup:   5%|▍         | 270/5500 [2:05:04<28:47:01, 19.81s/it, 31 steps of size 2.30e-01. acc. prob=0.78]warmup:   5%|▍         | 271/5500 [2:05:13<23:52:45, 16.44s/it, 15 steps of size 3.05e-01. acc. prob=0.78]warmup:   5%|▍         | 272/5500 [2:05:21<20:26:47, 14.08s/it, 15 steps of size 9.91e-02. acc. prob=0.78]warmup:   5%|▍         | 273/5500 [2:05:39<22:01:24, 15.17s/it, 31 steps of size 1.47e-01. acc. prob=0.78]warmup:   5%|▍         | 274/5500 [2:05:48<19:08:42, 13.19s/it, 15 steps of size 2.67e-01. acc. prob=0.78]warmup:   5%|▌         | 275/5500 [2:05:56<17:07:50, 11.80s/it, 15 steps of size 2.95e-01. acc. prob=0.78]warmup:   5%|▌         | 276/5500 [2:06:05<15:43:13, 10.83s/it, 15 steps of size 3.53e-01. acc. prob=0.78]warmup:   5%|▌         | 277/5500 [2:06:11<13:44:19,  9.47s/it, 11 steps of size 1.47e-01. acc. prob=0.78]warmup:   5%|▌         | 278/5500 [2:06:29<17:19:17, 11.94s/it, 31 steps of size 2.36e-01. acc. prob=0.78]warmup:   5%|▌         | 279/5500 [2:06:33<13:51:53,  9.56s/it, 7 steps of size 9.85e-02. acc. prob=0.78] warmup:   5%|▌         | 280/5500 [2:07:09<25:21:34, 17.49s/it, 63 steps of size 1.46e-01. acc. prob=0.78]warmup:   5%|▌         | 281/5500 [2:07:17<21:28:38, 14.81s/it, 15 steps of size 1.74e-01. acc. prob=0.78]warmup:   5%|▌         | 282/5500 [2:07:35<22:43:53, 15.68s/it, 31 steps of size 1.98e-01. acc. prob=0.78]warmup:   5%|▌         | 283/5500 [2:07:44<19:38:08, 13.55s/it, 15 steps of size 3.39e-01. acc. prob=0.78]warmup:   5%|▌         | 284/5500 [2:07:48<15:28:53, 10.69s/it, 7 steps of size 5.23e-01. acc. prob=0.78] warmup:   5%|▌         | 285/5500 [2:07:52<12:34:25,  8.68s/it, 7 steps of size 8.51e-02. acc. prob=0.78]warmup:   5%|▌         | 286/5500 [2:08:28<24:26:27, 16.88s/it, 63 steps of size 1.18e-01. acc. prob=0.78]warmup:   5%|▌         | 287/5500 [2:08:45<24:48:02, 17.13s/it, 31 steps of size 2.03e-01. acc. prob=0.78]warmup:   5%|▌         | 288/5500 [2:08:54<21:04:52, 14.56s/it, 15 steps of size 1.82e-01. acc. prob=0.78]warmup:   5%|▌         | 289/5500 [2:09:12<22:26:45, 15.51s/it, 31 steps of size 2.51e-01. acc. prob=0.78]warmup:   5%|▌         | 290/5500 [2:09:20<19:25:51, 13.43s/it, 15 steps of size 3.32e-01. acc. prob=0.78]warmup:   5%|▌         | 291/5500 [2:09:24<15:20:12, 10.60s/it, 7 steps of size 4.17e-01. acc. prob=0.78] warmup:   5%|▌         | 292/5500 [2:09:28<12:28:13,  8.62s/it, 7 steps of size 6.26e-02. acc. prob=0.78]warmup:   5%|▌         | 293/5500 [2:10:04<24:21:00, 16.84s/it, 63 steps of size 9.08e-02. acc. prob=0.78]warmup:   5%|▌         | 294/5500 [2:10:22<24:43:49, 17.10s/it, 31 steps of size 7.96e-02. acc. prob=0.78]warmup:   5%|▌         | 295/5500 [2:10:40<24:59:36, 17.29s/it, 31 steps of size 8.97e-02. acc. prob=0.78]warmup:   5%|▌         | 296/5500 [2:10:57<25:10:35, 17.42s/it, 31 steps of size 1.27e-01. acc. prob=0.78]warmup:   5%|▌         | 297/5500 [2:11:15<25:18:14, 17.51s/it, 31 steps of size 1.89e-01. acc. prob=0.78]warmup:   5%|▌         | 298/5500 [2:11:24<21:25:35, 14.83s/it, 15 steps of size 2.91e-01. acc. prob=0.78]warmup:   5%|▌         | 299/5500 [2:11:28<16:43:50, 11.58s/it, 7 steps of size 3.42e-01. acc. prob=0.78] warmup:   5%|▌         | 300/5500 [2:11:32<13:26:38,  9.31s/it, 7 steps of size 1.84e-01. acc. prob=0.78]warmup:   5%|▌         | 301/5500 [2:11:40<13:07:26,  9.09s/it, 15 steps of size 3.00e-01. acc. prob=0.78]warmup:   5%|▌         | 302/5500 [2:11:44<10:55:05,  7.56s/it, 7 steps of size 3.78e-01. acc. prob=0.78] warmup:   6%|▌         | 303/5500 [2:11:48<9:22:27,  6.49s/it, 7 steps of size 2.41e-01. acc. prob=0.78] warmup:   6%|▌         | 304/5500 [2:11:57<10:16:25,  7.12s/it, 15 steps of size 2.88e-01. acc. prob=0.78]warmup:   6%|▌         | 305/5500 [2:12:01<8:55:24,  6.18s/it, 7 steps of size 3.50e-01. acc. prob=0.78]  warmup:   6%|▌         | 306/5500 [2:12:05<7:58:41,  5.53s/it, 7 steps of size 2.68e-01. acc. prob=0.78]warmup:   6%|▌         | 307/5500 [2:12:13<9:17:37,  6.44s/it, 15 steps of size 4.24e-01. acc. prob=0.78]warmup:   6%|▌         | 308/5500 [2:12:22<10:12:53,  7.08s/it, 15 steps of size 7.17e-02. acc. prob=0.78]warmup:   6%|▌         | 309/5500 [2:12:40<14:48:46, 10.27s/it, 31 steps of size 1.14e-01. acc. prob=0.78]warmup:   6%|▌         | 310/5500 [2:12:57<18:01:40, 12.50s/it, 31 steps of size 1.33e-01. acc. prob=0.78]warmup:   6%|▌         | 311/5500 [2:13:06<16:19:38, 11.33s/it, 15 steps of size 2.00e-01. acc. prob=0.78]warmup:   6%|▌         | 312/5500 [2:13:24<19:05:05, 13.24s/it, 31 steps of size 2.44e-01. acc. prob=0.78]warmup:   6%|▌         | 313/5500 [2:13:32<17:03:47, 11.84s/it, 15 steps of size 3.35e-01. acc. prob=0.78]warmup:   6%|▌         | 314/5500 [2:13:36<13:40:19,  9.49s/it, 7 steps of size 3.67e-01. acc. prob=0.78] warmup:   6%|▌         | 315/5500 [2:13:40<11:17:53,  7.84s/it, 7 steps of size 5.34e-01. acc. prob=0.78]warmup:   6%|▌         | 316/5500 [2:13:43<8:53:41,  6.18s/it, 4 steps of size 9.82e-02. acc. prob=0.78] warmup:   6%|▌         | 317/5500 [2:14:00<13:52:37,  9.64s/it, 31 steps of size 1.09e-01. acc. prob=0.78]warmup:   6%|▌         | 318/5500 [2:14:18<17:21:36, 12.06s/it, 31 steps of size 1.70e-01. acc. prob=0.78]warmup:   6%|▌         | 319/5500 [2:14:36<19:47:54, 13.76s/it, 31 steps of size 2.06e-01. acc. prob=0.78]warmup:   6%|▌         | 320/5500 [2:14:44<17:33:29, 12.20s/it, 15 steps of size 2.76e-01. acc. prob=0.78]warmup:   6%|▌         | 321/5500 [2:14:53<15:59:14, 11.11s/it, 15 steps of size 3.23e-01. acc. prob=0.78]warmup:   6%|▌         | 322/5500 [2:15:01<14:53:15, 10.35s/it, 15 steps of size 4.47e-01. acc. prob=0.78]warmup:   6%|▌         | 323/5500 [2:15:05<12:08:44,  8.45s/it, 7 steps of size 1.57e-01. acc. prob=0.78] warmup:   6%|▌         | 324/5500 [2:15:19<14:10:04,  9.85s/it, 23 steps of size 1.55e-01. acc. prob=0.78]warmup:   6%|▌         | 325/5500 [2:15:27<13:36:39,  9.47s/it, 15 steps of size 1.65e-01. acc. prob=0.78]warmup:   6%|▌         | 326/5500 [2:15:36<13:13:17,  9.20s/it, 15 steps of size 1.75e-01. acc. prob=0.78]warmup:   6%|▌         | 327/5500 [2:15:44<12:57:00,  9.01s/it, 15 steps of size 2.01e-01. acc. prob=0.78]warmup:   6%|▌         | 328/5500 [2:15:53<12:45:26,  8.88s/it, 15 steps of size 3.05e-01. acc. prob=0.78]warmup:   6%|▌         | 329/5500 [2:15:55<9:40:05,  6.73s/it, 3 steps of size 6.95e-02. acc. prob=0.78]  warmup:   6%|▌         | 330/5500 [2:16:31<22:16:13, 15.51s/it, 63 steps of size 1.05e-01. acc. prob=0.78]warmup:   6%|▌         | 331/5500 [2:17:07<31:05:23, 21.65s/it, 63 steps of size 1.28e-01. acc. prob=0.78]warmup:   6%|▌         | 332/5500 [2:17:24<29:23:10, 20.47s/it, 31 steps of size 1.43e-01. acc. prob=0.78]warmup:   6%|▌         | 333/5500 [2:17:33<24:15:22, 16.90s/it, 15 steps of size 2.15e-01. acc. prob=0.78]warmup:   6%|▌         | 334/5500 [2:17:41<20:39:56, 14.40s/it, 15 steps of size 2.72e-01. acc. prob=0.78]warmup:   6%|▌         | 335/5500 [2:17:50<18:09:05, 12.65s/it, 15 steps of size 1.63e-01. acc. prob=0.78]warmup:   6%|▌         | 336/5500 [2:18:08<20:19:26, 14.17s/it, 31 steps of size 1.91e-01. acc. prob=0.78]warmup:   6%|▌         | 337/5500 [2:18:16<17:54:42, 12.49s/it, 15 steps of size 2.02e-01. acc. prob=0.78]warmup:   6%|▌         | 338/5500 [2:18:25<16:13:20, 11.31s/it, 15 steps of size 2.11e-01. acc. prob=0.78]warmup:   6%|▌         | 339/5500 [2:18:33<15:02:20, 10.49s/it, 15 steps of size 2.43e-01. acc. prob=0.78]warmup:   6%|▌         | 340/5500 [2:18:42<14:12:39,  9.91s/it, 15 steps of size 2.63e-01. acc. prob=0.78]warmup:   6%|▌         | 341/5500 [2:19:00<17:33:30, 12.25s/it, 31 steps of size 9.72e-02. acc. prob=0.78]warmup:   6%|▌         | 342/5500 [2:19:36<27:45:42, 19.38s/it, 63 steps of size 1.34e-01. acc. prob=0.78]warmup:   6%|▌         | 343/5500 [2:19:53<27:02:33, 18.88s/it, 31 steps of size 1.72e-01. acc. prob=0.78]warmup:   6%|▋         | 344/5500 [2:20:02<22:36:43, 15.79s/it, 15 steps of size 1.75e-01. acc. prob=0.78]warmup:   6%|▋         | 345/5500 [2:20:15<21:28:20, 15.00s/it, 23 steps of size 1.74e-01. acc. prob=0.78]warmup:   6%|▋         | 346/5500 [2:20:24<18:42:35, 13.07s/it, 15 steps of size 2.46e-01. acc. prob=0.78]warmup:   6%|▋         | 347/5500 [2:20:32<16:46:36, 11.72s/it, 15 steps of size 2.94e-01. acc. prob=0.78]warmup:   6%|▋         | 348/5500 [2:20:41<15:25:20, 10.78s/it, 15 steps of size 2.07e-01. acc. prob=0.78]warmup: