1 sigma:
 [2.64456193e-02 1.54431076e+00 2.79032892e-03 5.73404265e-03
 5.38224132e-04 7.16822284e-02 3.73607162e-02 4.32782025e-03
 4.54436895e-03]
fisher_cov: [[ 6.99370783e-04 -4.75416613e-03  9.73720782e-06  2.84205958e-05
  -1.17632673e-06 -1.59486979e-03 -1.47164111e-04  9.64520021e-06
   7.37550177e-05]
 [-4.75416613e-03  2.38489573e+00 -4.28227492e-03 -7.91330110e-03
   8.00935404e-04  6.18239041e-02  3.51902204e-02  4.35153455e-03
  -2.88556507e-03]
 [ 9.73720782e-06 -4.28227492e-03  7.78593550e-06  1.42761570e-05
  -1.45187570e-06 -1.19034606e-04 -6.60563991e-05 -7.20412205e-06
   5.15759927e-06]
 [ 2.84205958e-05 -7.91330110e-03  1.42761570e-05  3.28792451e-05
  -2.34682811e-06 -2.44199238e-04 -1.81902513e-04 -1.39265724e-05
   1.08361910e-05]
 [-1.17632673e-06  8.00935404e-04 -1.45187570e-06 -2.34682811e-06
   2.89685216e-07  2.00947939e-05  8.49585951e-06  1.37252820e-06
  -9.06978446e-07]
 [-1.59486979e-03  6.18239041e-02 -1.19034606e-04 -2.44199238e-04
   2.00947939e-05  5.13834187e-03  1.35393296e-03  4.24193801e-05
  -2.10835758e-04]
 [-1.47164111e-04  3.51902204e-02 -6.60563991e-05 -1.81902513e-04
   8.49585951e-06  1.35393296e-03  1.39582312e-03  4.89805845e-05
  -4.56895369e-05]
 [ 9.64520021e-06  4.35153455e-03 -7.20412205e-06 -1.39265724e-05
   1.37252820e-06  4.24193801e-05  4.89805845e-05  1.87300281e-05
  -3.92538706e-06]
 [ 7.37550177e-05 -2.88556507e-03  5.15759927e-06  1.08361910e-05
  -9.06978446e-07 -2.10835758e-04 -4.56895369e-05 -3.92538706e-06
   2.06512891e-05]]
cholesky: [[ 2.64456383e-02  0.00000000e+00  0.00000000e+00  0.00000000e+00
   0.00000000e+00  0.00000000e+00  0.00000000e+00  0.00000000e+00
   0.00000000e+00]
 [-1.79771276e-01  1.53381160e+00  0.00000000e+00  0.00000000e+00
   0.00000000e+00  0.00000000e+00  0.00000000e+00  0.00000000e+00
   0.00000000e+00]
 [ 3.68197119e-04 -2.74876240e-03  3.09308318e-04  0.00000000e+00
   0.00000000e+00  0.00000000e+00  0.00000000e+00  0.00000000e+00
   0.00000000e+00]
 [ 1.07467990e-03 -5.03328083e-03  1.46034926e-04  2.52389899e-03
   0.00000000e+00  0.00000000e+00  0.00000000e+00  0.00000000e+00
   0.00000000e+00]
 [-4.44809354e-05  5.16972886e-04 -4.67569487e-05  1.22775327e-04
   6.46970198e-05  0.00000000e+00  0.00000000e+00  0.00000000e+00
   0.00000000e+00]
 [-6.03074795e-02  3.32389920e-02 -1.76635208e-02 -3.76692157e-03
  -2.08362220e-03  8.12336433e-03  0.00000000e+00  0.00000000e+00
   0.00000000e+00]
 [-5.56477821e-03  2.22907645e-02 -8.84375977e-03 -2.47375125e-02
  -1.00737084e-02  8.64994445e-04  8.69452451e-03  0.00000000e+00
   0.00000000e+00]
 [ 3.64717997e-04  2.87981938e-03  1.86716309e-03 -3.81389383e-05
  -1.24456558e-04  1.56338807e-04  1.14680440e-04  2.60073331e-03
   0.00000000e+00]
 [ 2.78892939e-03 -1.55442538e-03 -4.59161716e-04  3.25602666e-05
  -7.41159507e-05  1.08684857e-04  4.41285142e-05  1.38883758e-04
   3.19491666e-03]]
  0%|          | 0/1500 [00:00<?, ?it/s]warmup:   0%|          | 1/1500 [00:22<9:24:30, 22.60s/it, 1 steps of size 2.34e+00. acc. prob=0.00]warmup:   0%|          | 2/1500 [00:23<4:00:51,  9.65s/it, 1 steps of size 2.30e-01. acc. prob=0.00]warmup:   0%|          | 3/1500 [00:24<2:30:24,  6.03s/it, 3 steps of size 1.67e-02. acc. prob=0.00]warmup:   0%|          | 4/1500 [00:42<4:26:31, 10.69s/it, 31 steps of size 7.63e-03. acc. prob=0.17]warmup:   0%|          | 5/1500 [01:56<13:50:48, 33.34s/it, 127 steps of size 4.67e-03. acc. prob=0.29]warmup:   0%|          | 6/1500 [03:10<19:32:41, 47.10s/it, 127 steps of size 2.63e-03. acc. prob=0.35]warmup:   0%|          | 7/1500 [05:38<33:13:53, 80.13s/it, 255 steps of size 2.26e-03. acc. prob=0.41]warmup:   1%|          | 8/1500 [10:34<61:47:05, 149.08s/it, 511 steps of size 3.89e-03. acc. prob=0.49]warmup:   1%|          | 9/1500 [11:48<51:59:16, 125.52s/it, 127 steps of size 7.03e-03. acc. prob=0.54]warmup:   1%|          | 10/1500 [13:02<45:20:08, 109.54s/it, 127 steps of size 1.20e-02. acc. prob=0.59]warmup:   1%|          | 11/1500 [13:38<36:04:10, 87.21s/it, 63 steps of size 2.17e-02. acc. prob=0.62]  warmup:   1%|          | 12/1500 [13:56<27:20:35, 66.15s/it, 31 steps of size 2.76e-02. acc. prob=0.64]warmup:   1%|          | 13/1500 [14:14<21:17:54, 51.56s/it, 31 steps of size 5.19e-02. acc. prob=0.67]warmup:   1%|          | 14/1500 [14:23<15:56:27, 38.62s/it, 15 steps of size 4.12e-02. acc. prob=0.67]warmup:   1%|          | 15/1500 [14:32<12:12:39, 29.60s/it, 15 steps of size 4.35e-02. acc. prob=0.68]warmup:   1%|          | 16/1500 [14:50<10:45:46, 26.11s/it, 31 steps of size 6.85e-02. acc. prob=0.70]warmup:   1%|          | 17/1500 [15:17<10:54:02, 26.46s/it, 47 steps of size 1.15e-01. acc. prob=0.71]warmup:   1%|          | 18/1500 [15:35<9:50:44, 23.92s/it, 31 steps of size 2.11e-01. acc. prob=0.73] warmup:   1%|▏         | 19/1500 [15:37<7:10:16, 17.43s/it, 4 steps of size 4.95e-02. acc. prob=0.71] warmup:   1%|▏         | 20/1500 [15:46<6:05:24, 14.81s/it, 15 steps of size 7.10e-02. acc. prob=0.72]warmup:   1%|▏         | 21/1500 [15:55<5:19:59, 12.98s/it, 15 steps of size 1.15e-01. acc. prob=0.73]warmup:   1%|▏         | 22/1500 [16:04<4:48:11, 11.70s/it, 15 steps of size 1.37e-01. acc. prob=0.73]warmup:   2%|▏         | 23/1500 [16:12<4:25:54, 10.80s/it, 15 steps of size 2.09e-01. acc. prob=0.74]warmup:   2%|▏         | 24/1500 [16:13<3:14:34,  7.91s/it, 2 steps of size 2.15e-02. acc. prob=0.71] warmup:   2%|▏         | 25/1500 [16:31<4:28:50, 10.94s/it, 31 steps of size 2.10e-02. acc. prob=0.71]warmup:   2%|▏         | 26/1500 [17:08<7:37:36, 18.63s/it, 63 steps of size 3.54e-02. acc. prob=0.72]warmup:   2%|▏         | 27/1500 [17:45<9:49:27, 24.01s/it, 63 steps of size 5.87e-02. acc. prob=0.73]warmup:   2%|▏         | 28/1500 [17:53<7:56:25, 19.42s/it, 15 steps of size 5.80e-02. acc. prob=0.73]warmup:   2%|▏         | 29/1500 [18:02<6:37:19, 16.21s/it, 15 steps of size 3.64e-02. acc. prob=0.73]warmup:   2%|▏         | 30/1500 [18:20<6:50:13, 16.74s/it, 31 steps of size 6.60e-02. acc. prob=0.74]warmup:   2%|▏         | 31/1500 [18:38<6:59:08, 17.12s/it, 31 steps of size 8.26e-02. acc. prob=0.74]warmup:   2%|▏         | 32/1500 [18:42<5:23:01, 13.20s/it, 7 steps of size 1.37e-01. acc. prob=0.75] warmup:   2%|▏         | 33/1500 [18:44<3:58:45,  9.76s/it, 3 steps of size 3.92e-02. acc. prob=0.74]warmup:   2%|▏         | 34/1500 [18:53<3:50:50,  9.45s/it, 15 steps of size 6.87e-02. acc. prob=0.74]warmup:   2%|▏         | 35/1500 [19:10<4:53:17, 12.01s/it, 31 steps of size 9.09e-02. acc. prob=0.75]warmup:   2%|▏         | 36/1500 [19:28<5:36:55, 13.81s/it, 31 steps of size 1.40e-01. acc. prob=0.75]warmup:   2%|▏         | 37/1500 [19:33<4:25:25, 10.89s/it, 7 steps of size 2.22e-01. acc. prob=0.76] warmup:   3%|▎         | 38/1500 [19:34<3:18:24,  8.14s/it, 3 steps of size 2.93e-02. acc. prob=0.74]warmup:   3%|▎         | 39/1500 [19:52<4:30:13, 11.10s/it, 31 steps of size 5.09e-02. acc. prob=0.75]warmup:   3%|▎         | 40/1500 [20:38<8:43:48, 21.53s/it, 79 steps of size 6.51e-02. acc. prob=0.75]warmup:   3%|▎         | 41/1500 [21:15<10:33:12, 26.04s/it, 63 steps of size 1.03e-01. acc. prob=0.76]warmup:   3%|▎         | 42/1500 [21:33<9:34:09, 23.63s/it, 31 steps of size 7.84e-02. acc. prob=0.75] warmup:   3%|▎         | 43/1500 [21:37<7:11:15, 17.76s/it, 7 steps of size 1.15e-01. acc. prob=0.76] warmup:   3%|▎         | 44/1500 [21:41<5:31:16, 13.65s/it, 7 steps of size 1.02e-01. acc. prob=0.76]warmup:   3%|▎         | 45/1500 [21:50<4:55:04, 12.17s/it, 15 steps of size 1.55e-01. acc. prob=0.76]warmup:   3%|▎         | 46/1500 [21:51<3:39:05,  9.04s/it, 3 steps of size 5.36e-02. acc. prob=0.75] warmup:   3%|▎         | 47/1500 [22:09<4:43:58, 11.73s/it, 31 steps of size 8.98e-02. acc. prob=0.76]warmup:   3%|▎         | 48/1500 [22:27<5:29:16, 13.61s/it, 31 steps of size 1.17e-01. acc. prob=0.76]warmup:   3%|▎         | 49/1500 [22:36<4:53:30, 12.14s/it, 15 steps of size 1.90e-01. acc. prob=0.77]warmup:   3%|▎         | 50/1500 [22:38<3:37:57,  9.02s/it, 3 steps of size 2.97e-02. acc. prob=0.75] warmup:   3%|▎         | 51/1500 [23:51<11:26:29, 28.43s/it, 127 steps of size 4.32e-02. acc. prob=0.75]warmup:   3%|▎         | 52/1500 [24:00<9:03:17, 22.51s/it, 15 steps of size 6.98e-02. acc. prob=0.76]  warmup:   4%|▎         | 53/1500 [24:09<7:23:02, 18.37s/it, 15 steps of size 9.19e-02. acc. prob=0.76]warmup:   4%|▎         | 54/1500 [24:18<6:12:51, 15.47s/it, 15 steps of size 1.41e-01. acc. prob=0.77]warmup:   4%|▎         | 55/1500 [24:26<5:23:43, 13.44s/it, 15 steps of size 5.42e-02. acc. prob=0.76]warmup:   4%|▎         | 56/1500 [24:44<5:56:21, 14.81s/it, 31 steps of size 6.49e-02. acc. prob=0.76]warmup:   4%|▍         | 57/1500 [25:02<6:19:07, 15.76s/it, 31 steps of size 1.05e-01. acc. prob=0.76]warmup:   4%|▍         | 58/1500 [25:11<5:27:59, 13.65s/it, 15 steps of size 1.34e-01. acc. prob=0.77]warmup:   4%|▍         | 59/1500 [25:15<4:18:42, 10.77s/it, 7 steps of size 1.29e-01. acc. prob=0.77] warmup:   4%|▍         | 60/1500 [25:28<4:37:04, 11.54s/it, 23 steps of size 1.47e-01. acc. prob=0.77]warmup:   4%|▍         | 61/1500 [25:32<3:43:04,  9.30s/it, 7 steps of size 3.72e-02. acc. prob=0.76] warmup:   4%|▍         | 62/1500 [26:28<9:12:32, 23.05s/it, 95 steps of size 5.57e-02. acc. prob=0.76]warmup:   4%|▍         | 63/1500 [26:46<8:35:48, 21.54s/it, 31 steps of size 8.53e-02. acc. prob=0.77]warmup:   4%|▍         | 64/1500 [26:50<6:30:00, 16.30s/it, 7 steps of size 5.43e-02. acc. prob=0.76] warmup:   4%|▍         | 65/1500 [26:54<5:01:59, 12.63s/it, 7 steps of size 5.14e-02. acc. prob=0.76]warmup:   4%|▍         | 66/1500 [27:12<5:40:20, 14.24s/it, 31 steps of size 7.46e-02. acc. prob=0.77]warmup:   4%|▍         | 67/1500 [27:20<5:00:29, 12.58s/it, 15 steps of size 8.92e-02. acc. prob=0.77]warmup:   5%|▍         | 68/1500 [27:29<4:32:34, 11.42s/it, 15 steps of size 6.78e-02. acc. prob=0.77]warmup:   5%|▍         | 69/1500 [27:38<4:12:59, 10.61s/it, 15 steps of size 5.69e-02. acc. prob=0.76]warmup:   5%|▍         | 70/1500 [27:56<5:05:41, 12.83s/it, 31 steps of size 5.85e-02. acc. prob=0.76]warmup:   5%|▍         | 71/1500 [28:05<4:36:04, 11.59s/it, 15 steps of size 7.15e-02. acc. prob=0.77]warmup:   5%|▍         | 72/1500 [28:13<4:15:20, 10.73s/it, 15 steps of size 5.01e-02. acc. prob=0.76]warmup:   5%|▍         | 73/1500 [28:31<5:07:01, 12.91s/it, 31 steps of size 5.64e-02. acc. prob=0.77]warmup:   5%|▍         | 74/1500 [28:40<4:36:52, 11.65s/it, 15 steps of size 7.50e-02. acc. prob=0.77]warmup:   5%|▌         | 75/1500 [28:53<4:48:51, 12.16s/it, 23 steps of size 6.14e-02. acc. prob=0.77]warmup:   5%|▌         | 76/1500 [29:02<4:24:04, 11.13s/it, 15 steps of size 6.04e-02. acc. prob=0.77]warmup:   5%|▌         | 77/1500 [29:06<3:33:38,  9.01s/it, 7 steps of size 9.28e-02. acc. prob=0.77] warmup:   5%|▌         | 78/1500 [29:15<3:31:24,  8.92s/it, 15 steps of size 6.38e-02. acc. prob=0.77]warmup:   5%|▌         | 79/1500 [29:19<2:56:46,  7.46s/it, 7 steps of size 7.89e-02. acc. prob=0.77] warmup:   5%|▌         | 80/1500 [29:32<3:38:30,  9.23s/it, 23 steps of size 1.12e-01. acc. prob=0.77]