1 sigma:
 [2.64456193e-02 1.54431076e+00 2.79032892e-03 5.73404265e-03
 5.38224132e-04 7.16822284e-02 3.73607162e-02 4.32782025e-03
 4.54436895e-03]
fisher_cov: [[ 6.99370783e-04 -4.75416613e-03  9.73720782e-06  2.84205958e-05
  -1.17632673e-06 -1.59486979e-03 -1.47164111e-04  9.64520021e-06
   7.37550177e-05]
 [-4.75416613e-03  2.38489573e+00 -4.28227492e-03 -7.91330110e-03
   8.00935404e-04  6.18239041e-02  3.51902204e-02  4.35153455e-03
  -2.88556507e-03]
 [ 9.73720782e-06 -4.28227492e-03  7.78593550e-06  1.42761570e-05
  -1.45187570e-06 -1.19034606e-04 -6.60563991e-05 -7.20412205e-06
   5.15759927e-06]
 [ 2.84205958e-05 -7.91330110e-03  1.42761570e-05  3.28792451e-05
  -2.34682811e-06 -2.44199238e-04 -1.81902513e-04 -1.39265724e-05
   1.08361910e-05]
 [-1.17632673e-06  8.00935404e-04 -1.45187570e-06 -2.34682811e-06
   2.89685216e-07  2.00947939e-05  8.49585951e-06  1.37252820e-06
  -9.06978446e-07]
 [-1.59486979e-03  6.18239041e-02 -1.19034606e-04 -2.44199238e-04
   2.00947939e-05  5.13834187e-03  1.35393296e-03  4.24193801e-05
  -2.10835758e-04]
 [-1.47164111e-04  3.51902204e-02 -6.60563991e-05 -1.81902513e-04
   8.49585951e-06  1.35393296e-03  1.39582312e-03  4.89805845e-05
  -4.56895369e-05]
 [ 9.64520021e-06  4.35153455e-03 -7.20412205e-06 -1.39265724e-05
   1.37252820e-06  4.24193801e-05  4.89805845e-05  1.87300281e-05
  -3.92538706e-06]
 [ 7.37550177e-05 -2.88556507e-03  5.15759927e-06  1.08361910e-05
  -9.06978446e-07 -2.10835758e-04 -4.56895369e-05 -3.92538706e-06
   2.06512891e-05]]
cholesky: [[ 2.64456383e-02  0.00000000e+00  0.00000000e+00  0.00000000e+00
   0.00000000e+00  0.00000000e+00  0.00000000e+00  0.00000000e+00
   0.00000000e+00]
 [-1.79771276e-01  1.53381160e+00  0.00000000e+00  0.00000000e+00
   0.00000000e+00  0.00000000e+00  0.00000000e+00  0.00000000e+00
   0.00000000e+00]
 [ 3.68197119e-04 -2.74876240e-03  3.09308318e-04  0.00000000e+00
   0.00000000e+00  0.00000000e+00  0.00000000e+00  0.00000000e+00
   0.00000000e+00]
 [ 1.07467990e-03 -5.03328083e-03  1.46034926e-04  2.52389899e-03
   0.00000000e+00  0.00000000e+00  0.00000000e+00  0.00000000e+00
   0.00000000e+00]
 [-4.44809354e-05  5.16972886e-04 -4.67569487e-05  1.22775327e-04
   6.46970198e-05  0.00000000e+00  0.00000000e+00  0.00000000e+00
   0.00000000e+00]
 [-6.03074795e-02  3.32389920e-02 -1.76635208e-02 -3.76692157e-03
  -2.08362220e-03  8.12336433e-03  0.00000000e+00  0.00000000e+00
   0.00000000e+00]
 [-5.56477821e-03  2.22907645e-02 -8.84375977e-03 -2.47375125e-02
  -1.00737084e-02  8.64994445e-04  8.69452451e-03  0.00000000e+00
   0.00000000e+00]
 [ 3.64717997e-04  2.87981938e-03  1.86716309e-03 -3.81389383e-05
  -1.24456558e-04  1.56338807e-04  1.14680440e-04  2.60073331e-03
   0.00000000e+00]
 [ 2.78892939e-03 -1.55442538e-03 -4.59161716e-04  3.25602666e-05
  -7.41159507e-05  1.08684857e-04  4.41285142e-05  1.38883758e-04
   3.19491666e-03]]
  0%|          | 0/1500 [00:00<?, ?it/s]warmup:   0%|          | 1/1500 [00:22<9:24:30, 22.60s/it, 1 steps of size 2.34e+00. acc. prob=0.00]warmup:   0%|          | 2/1500 [00:23<4:00:51,  9.65s/it, 1 steps of size 2.30e-01. acc. prob=0.00]warmup:   0%|          | 3/1500 [00:24<2:30:24,  6.03s/it, 3 steps of size 1.67e-02. acc. prob=0.00]warmup:   0%|          | 4/1500 [00:42<4:26:31, 10.69s/it, 31 steps of size 7.63e-03. acc. prob=0.17]