['alpha', 'log_q', 'log_rho', 'log_s', 't0', 'tE', 'u0']
[2.84806685e+03 6.15435317e+01 1.37373278e-01 4.50459005e-03
 8.70972534e-01 3.94610881e+00 1.02154498e-04]
1 sigma:
 [7.46867621e-02 1.15109314e+00 2.82786264e-03 2.35006412e-04
 2.53140075e-03 1.41855281e-02 7.81807061e-06]
fisher_cov: [[ 5.57811243e-03 -1.36363470e-02  8.85825069e-06  4.41482960e-07
   2.75177007e-05 -6.33067496e-04  2.48688293e-08]
 [-1.36363470e-02  1.32501542e+00 -2.53044466e-03 -2.31538724e-04
  -2.61467720e-03 -4.03846521e-03 -3.37624239e-06]
 [ 8.85825069e-06 -2.53044466e-03  7.99680714e-06  4.76142935e-07
   6.86388389e-06  2.66569685e-05  9.58675227e-09]
 [ 4.41482960e-07 -2.31538724e-04  4.76142936e-07  5.52280135e-08
   5.02374046e-07  1.32168676e-06  7.08015443e-10]
 [ 2.75177007e-05 -2.61467720e-03  6.86388389e-06  5.02374046e-07
   6.40798977e-06  1.76729779e-05  8.60826677e-09]
 [-6.33067496e-04 -4.03846521e-03  2.66569685e-05  1.32168676e-06
   1.76729779e-05  2.01229207e-04  3.11470962e-08]
 [ 2.48688293e-08 -3.37624239e-06  9.58675227e-09  7.08015443e-10
   8.60826677e-09  3.11470962e-08  6.11222280e-11]]
cholesky: [[ 7.46867688e-02  0.00000000e+00  0.00000000e+00  0.00000000e+00
   0.00000000e+00  0.00000000e+00  0.00000000e+00]
 [-1.82580492e-01  1.13652091e+00  0.00000000e+00  0.00000000e+00
   0.00000000e+00  0.00000000e+00  0.00000000e+00]
 [ 1.18605355e-04 -2.20742937e-03  1.76380143e-03  0.00000000e+00
   0.00000000e+00  0.00000000e+00  0.00000000e+00]
 [ 5.91112679e-06 -2.02776267e-04  1.57770356e-05  1.21761828e-04
   0.00000000e+00  0.00000000e+00  0.00000000e+00]
 [ 3.68441440e-04 -2.24140793e-03  1.06159063e-03  2.37702223e-04
   2.56620646e-04  0.00000000e+00  0.00000000e+00]
 [-8.47630050e-03 -4.91506339e-03  9.53205248e-03  1.84577974e-03
  -3.03384552e-03  1.32421400e-03  0.00000000e+00]
 [ 3.32975033e-07 -2.91719018e-06  1.76197180e-06  7.12140754e-07
  -3.61617115e-07  3.20616531e-07  3.23829601e-05]]
  0%|          | 0/1500 [00:00<?, ?it/s]warmup:   0%|          | 1/1500 [00:11<4:43:03, 11.33s/it, 1 steps of size 2.34e+00. acc. prob=0.00]warmup:   0%|          | 2/1500 [00:11<2:04:23,  4.98s/it, 1 steps of size 2.30e-01. acc. prob=0.00]warmup:   0%|          | 3/1500 [00:12<1:13:22,  2.94s/it, 1 steps of size 1.67e-02. acc. prob=0.00]warmup:   0%|          | 4/1500 [00:20<2:03:28,  4.95s/it, 15 steps of size 3.37e-03. acc. prob=0.10]